0 0.5163489692870931 0.31942389026726764 0.5805709367043164 0.30086870509382757
0 0.4930580146403649 0.17356756220637792 0.1472482646801357 0.1051716141441756
0 0.8784228026336833 0.2070605641463632 0.17757211135422607 0.16106878707186906
0 0.7658778966422739 0.1483951713704566 0.12565452800763593 0.06134335969555131
1 0.8826199539704105 0.1819013966558772 0.029860222668681758 0.01605342292769345
3 0.8820290606301835 0.23268264665587726 0.035256247334499946 0.010026257414373773
2 0.8699103212921837 0.26753514912733517 0.028206816000954406 0.008177255931498983
1 0.34183077462604733 0.2851483438410395 0.04947328866963616 0.023880510380123354
3 0.38924102928072973 0.37145591695901337 0.05192612667090888 0.03335101087441492
2 0.40913535860918443 0.4065657460084863 0.04154261000159085 0.013405925399151464
1 0.5173313086410012 0.16789322376536484 0.01964033800127272 0.010170837452429905