0 0.5262581314911741 0.36485894416625053 0.5821848031636853 0.30423396732561425
0 0.49869441882984217 0.2168195504525568 0.1478256197233465 0.10602317576439768
0 0.885491035306778 0.2840136284077036 0.1784676935866088 0.162093393299409
0 0.7711052069792892 0.2154562193925289 0.12598184740221222 0.06207196856846862
1 0.8889609086835725 0.25919556492546825 0.029946598620028197 0.016226467535011224
3 0.8898472986994583 0.30997681492546825 0.03530625446422704 0.010231178659881834
2 0.878728566556366 0.34380600537217426 0.02824773092527657 0.008341192927905361
1 0.3505353827089901 0.3153019381703945 0.049600579545304765 0.024167400123834514
3 0.4005138376596843 0.40583920099067605 0.05210797077900686 0.03365156203449331
2 0.4214536290555421 0.4427227708830522 0.041610801542127616 0.013647277088305288
1 0.5228313482129912 0.21326005686269758 0.019694891233702095 0.010284682588823202