0 0.4819238822242312 0.5438962667054049 0.3257394490629279 0.14405262268015626
0 0.9218679544732042 0.5313342022852839 0.15626409105359151 0.16688494355406328
0 0.6625912090255508 0.4906645953838602 0.08217365399835046 0.061403780670039154
1 0.3865288141984003 0.5175098706964217 0.03482964106622681 0.016825401451278844
3 0.41215695150370335 0.5651016333102935 0.034184783386094784 0.02148561960011346
2 0.4237764131030436 0.5881571873939775 0.02596310642649069 0.007150301088459088
1 0.950060116784825 0.5064334060061482 0.037173391066226816 0.016907247004775174
3 0.9586144143566848 0.5585316193456593 0.05034098079967002 0.013464788474587408
2 0.9487225888090066 0.5948510652619754 0.029110838479802226 0.0080406784931208
1 0.6690996217993899 0.4724503087233714 0.02047162437317951 0.006178078130301046
3 0.6845344051854848 0.4922444535512282 0.014176160266556792 0.004397323320977619
2 0.6905032603583343 0.5092409805930703 0.014934678213245433 0.0036433551721430034