0 0.43953530335255014 0.5682837646072013 0.32806084160399784 0.13843084902377
0 0.8886085041383384 0.5792499070554241 0.1778082845319034 0.1639103157455871
0 0.6237497915657257 0.5245861318949159 0.0831977977664696 0.0599983372559425
1 0.34638677088756137 0.5369462155007058 0.035102746071058635 0.016225017856907442
3 0.36834950806727984 0.585806455354436 0.03453981989237613 0.020898881087432385
2 0.378195388960692 0.6094348701270884 0.02607234842842345 0.006700013392680582
1 0.9092677605484791 0.5553720762923033 0.03744649607105828 0.016265928165332965
3 0.913861061210433 0.6078385572175798 0.05054580955329406 0.012591503246410873
2 0.9012497452469983 0.6435851424449275 0.029233735731976296 0.007535810470581339
1 0.6316179495474432 0.5067401128201924 0.020567211124870432 0.005823306006354301
3 0.645515629655067 0.5273117114402206 0.01424443651776457 0.004151711850553142
2 0.6501838589769026 0.5445946688265468 0.014989299214211726 0.0033840986200281975