0 0.465625 0.56015625 0.321875 0.1328125
0 0.91484375 0.56328125 0.1703125 0.1609375
0 0.64765625 0.51328125 0.08046875 0.05859375
1 0.37109375 0.53046875 0.034375 0.015625
3 0.3953125 0.57890625 0.03359375 0.0203125
2 0.40625 0.60234375 0.02578125 0.00625
1 0.934375 0.5390625 0.03671875 0.015625
3 0.94140625 0.59140625 0.05 0.01171875
2 0.93046875 0.62734375 0.02890625 0.00703125
1 0.6546875 0.4953125 0.0203125 0.00546875
3 0.66953125 0.515625 0.0140625 0.00390625
2 0.675 0.5328125 0.01484375 0.003125