0 0.4661560785743193 0.6167806951985259 0.6526693132728383 0.5656573264858386
1 0.27074722518349714 0.5375272487340557 0.06055866439185813 0.04423363883740698
3 0.3350752065722474 0.7090004554501448 0.07564000889134022 0.06659971215838496
2 0.3535576869275402 0.7866071002780017 0.05372646753501122 0.03151538402808374
0 0.8564235519002988 0.41065216925299214 0.19983529590444285 0.27139139427970277
0 0.8358862659206535 0.3057290562763007 0.17807795822938638 0.1224355391075596
0 0.3793302049196175 0.36549350291040683 0.2411451925136207 0.18703624164729754
1 0.32854680086684157 0.3336185095338288 0.02118579528527027 0.019459328130301136
3 0.3660703796505579 0.4168203899337154 0.034013281017246655 0.0269270877489479
1 0.8327270326698766 0.3387052473832933 0.028289819892376045 0.021267364790790035
3 0.8772090868464868 0.420099091122691 0.04011773180303493 0.024020342558271325
2 0.8861902886657326 0.5121229000156984 0.03194135876750579 0.01593502404661713