0 0.6284997321463879 0.4933630094490108 0.48855930843869116 0.4355556203179036
4 0.2091866704579905 0.49551336352484565 0.2435450430174156 0.30988346460545557
4 0.04638185836173233 0.4873164615254126 0.09276371672346466 0.19721479509800943
1 0.7555003831193225 0.32965019511370774 0.043555131087432385 0.0350942518140986
1 0.27720205925606056 0.4010069061757843 0.02701251339268058 0.02670883293962447
1 0.07043386201600413 0.43789681488345716 0.01995398985373027 0.024900796279135662
3 0.8175349586074375 0.4883233014669773 0.07096706493480838 0.03995536660488845
3 0.22947762540868472 0.4065773490968754 0.0690772824674041 0.021150802902557685
3 0.03684011201600412 0.4390699344835706 0.048846603084255105 0.02512897477225664
2 0.8088576136408572 0.6276040562763007 0.05194432954530477 0.023675602176918175
2 0.30420311566945213 0.553876445831498 0.04256932954530477 0.023348219962933216
2 0.08221506737373543 0.523370523413645 0.01735114123370205 0.00997520072563951