0 0.37249981072350313 0.5069163553866793 0.445602954562355 0.18478736405949725
0 0.63116915657889 0.4505230940881323 0.14983285672980173 0.11262836401972631
0 0.2804144228905124 0.3690612720400891 0.1977490919010542 0.04290675735995331
0 0.8591575523205461 0.5524417721196309 0.24501270555093804 0.18713856269890758
0 0.15939892733913666 0.34654937802354435 0.1140770874524299 0.020849396682044753
1 0.2592013146778358 0.48683911803786195 0.0505093359695552 0.013081802673454134
1 0.6015280775294171 0.42985605808399613 0.031663835475263545 0.010519876670908878
1 0.8590593932330173 0.5164860907860854 0.046012836958138334 0.017714758672817865
3 0.30853546981103214 0.5421266020448616 0.05098683844101304 0.024800552673454136
3 0.6297830701150433 0.46535775342135965 0.0396036694676523 0.013735783338636055
3 0.9068628818643105 0.5709741434595397 0.016261669961944135 0.01580681333545435
2 0.31464354836621344 0.564864668045816 0.036160334486680414 0.005886920671545326
2 0.6400839001530993 0.4811100227561777 0.026785334486680412 0.005777832670272609
2 0.9068509530051181 0.6288139154598579 0.04429116946765248 0.013790327339272324