0 0.40208090937499996 0.484513334375 0.39110442343749996 0.57119725625 0.3892651640625 0.6048966109375 0.3897926859375 0.6372156859375 0.392448421875 0.6465308890625 0.39626078124999997 0.65118 0.411133071875 0.6521211078125 0.4463780953125 0.6577373796875 0.45408075937500003 0.66480345625 0.459991409375 0.675760778125 0.4635337046875 0.678658375 0.4684333953125 0.6806255171875 0.4777272984375 0.6800647093750001 0.49476559531250003 0.6758898953125 0.512614078125 0.676969621875 0.5326025828125001 0.6736774750000001 0.5477276140625 0.6768661265625 0.574878659375 0.6771370296875 0.6008730859375 0.682074028125 0.62237645625 0.6828271453125 0.6297122140625 0.681429878125 0.6407894703125 0.67722584375 0.6637022 0.675560409375 0.6734133984375 0.672534846875 0.6874739328125 0.6587814078124999 0.69061468125 0.654207725 0.7033682109375 0.63045664375 0.7075081109375 0.6162411453125001 0.7084434875000001 0.58945543125 0.7047736453125 0.5522700359375 0.7039862968749999 0.5273914375000001 0.7020352390625 0.51686695625 0.6943743078125 0.49912079374999996 0.6839033156250001 0.48596371875 0.6726756765624999 0.47550401249999996 0.6562176609375 0.46306176250000003 0.6482276125 0.45474020312499996 0.6356512421875 0.44496293593749997 0.6314215859375001 0.4427785828125 0.6201782 0.44225491406249995 0.5939412703125 0.44426235937499997 0.574718071875 0.444609121875 0.5429460578125 0.4438745734375 0.5297618484375 0.44201841406250003 0.5170917796875 0.4444093265625 0.5044823375 0.445064128125 0.46309439374999994 0.44462696875 0.4418524234375 0.4458733828125 0.4249960046875 0.44483986406250003 0.41701619375 0.4457102921875 0.41162125781250003 0.44844005156250005 0.4087852140625 0.45377318437499997 0.40208090937499996 0.484513334375
0 0.8797571203125001 0.4926015640625 0.829118578125 0.49148513125 0.8025249765625 0.49422122343749997 0.797156021875 0.49620693281249995 0.795424634375 0.498362065625 0.7884573546875 0.51766268125 0.7856835125 0.530699709375 0.7839473906250001 0.6088709140625 0.7853701328125 0.6345243640625 0.789409246875 0.642165065625 0.792307490625 0.6445358265625 0.7978598953125 0.6467817890625 0.8018021671875 0.6477106609375001 0.8550602296875001 0.64969435625 0.8659296234375 0.6514427015625001 0.88842505625 0.652242025 0.9147485953125001 0.647754421875 0.9653871374999999 0.648870853125 0.979075253125 0.645782096875 0.9795949078125 0.6309011453125 0.9780005218750001 0.61964801875 0.977256478125 0.5935293421875001 0.9742424953125 0.5755027765625 0.9748818296874999 0.547709596875 0.9721119281249999 0.5321785921875 0.9660524687500001 0.5159975359375 0.9639006374999999 0.501737415625 0.9580608484375001 0.49823597187499996 0.945538015625 0.496410615625 0.8797571203125001 0.4926015640625
4 0.7724449703125 0.5683396796875 0.7719796484375 0.5437244984375 0.768645215625 0.5348745218750001 0.7638667765625 0.529435159375 0.7550594578125 0.5255470796874999 0.7256369015625 0.5239282843749999 0.7186751359375 0.524100871875 0.7149596218750001 0.52616359375 0.70924423125 0.5380699390625 0.70763015625 0.56532088125 0.710765390625 0.5798752234375 0.7133156234375 0.5827266140625 0.715943803125 0.5833458625 0.7259423875000001 0.58157578125 0.748742525 0.5831345531250001 0.7570530265625 0.582279525 0.763422703125 0.5800920046875 0.766816190625 0.577765865625 0.7724449703125 0.5683396796875
1 0.5261829770496912 0.4611539013621796 0.06240079627913566 0.02240584698068133
3 0.5878347504633361 0.5555802975570726 0.07781746515360961 0.03950345574818712
2 0.6161854397562301 0.595244265092084 0.05674107332097762 0.0166823858558109
1 0.8753099578123976 0.5024554133538917 0.028588791469812237 0.014591192927905538
3 0.931049037123825 0.5645230738168083 0.05517857332097762 0.016609611248705036
2 0.9292211530957413 0.6168668238168084 0.045639882213985315 0.011485463606069857
1 0.753633365254126 0.5359142686067406 0.014335318511654194 0.008467471463952592
3 0.7333208652541261 0.5349681987143645 0.028397818511654193 0.009122442927905539
2 0.7627529049098399 0.5660748035529287 0.010265377404661713 0.0035980349461880224