0 0.12902495225694444 0.5456917197265625 0.13122832291666667 0.556376603515625 0.139860625 0.569336919921875 0.14214613888888888 0.579029740234375 0.14598030121527777 0.5860030439453126 0.1593201545138889 0.59006076171875 0.17987896961805555 0.5921805268554687 0.2174185329861111 0.5916817827148437 0.2648430954861111 0.58901438671875 0.3075709826388889 0.5897903530273437 0.3206547430555556 0.5916130419921874 0.33189269184027775 0.5944162509765625 0.33718369704861106 0.5944508823242187 0.3701606753472222 0.5904481708984375 0.3868442578125 0.5860906645507813 0.4085530920138889 0.5743215405273437 0.43679353819444444 0.5635877700195312 0.4502578237847222 0.5554869375 0.47021265017361114 0.548917490234375 0.4803235477430555 0.5440206625976562 0.5177205729166666 0.534587576171875 0.5334099800347222 0.5262531572265625 0.5594977890625 0.5095496899414063 0.5711629817708332 0.49759582373046873 0.5701599513888889 0.42450401708984375 0.5600540425347222 0.4165029091796875 0.5348349626736111 0.4161290224609375 0.46870603211805556 0.4165314560546875 0.43734164322916663 0.418623125 0.39898599131944446 0.4244277133789062 0.34996240277777774 0.4335035126953125 0.3362818897569444 0.44176656396484376 0.19626165798611112 0.466433982421875 0.16407680034722222 0.47394947265625 0.15775784288194444 0.487481087890625 0.13978926996527777 0.48026376416015626 0.13670057031250002 0.49561560107421876 0.12902495225694444 0.5456917197265625
0 0.5613136996527778 0.49352262255859375 0.5655175104166666 0.49603164013671874 0.5879016032986111 0.4974189018554688 0.6170637404513889 0.49686532568359376 0.6421440677083333 0.50298508984375 0.6647649322916667 0.4961849418945313 0.6747224166666667 0.48781300634765623 0.6778197126736111 0.48237397265625 0.6872082664930556 0.4275942099609375 0.6879077074652779 0.40849121630859375 0.6864013472222221 0.4000442470703125 0.6836640407986111 0.395807775390625 0.6764148819444444 0.3927825244140625 0.6618851536458333 0.3924392724609375 0.6507390104166667 0.3938552197265625 0.6110975425347223 0.39309945458984374 0.5950602387152778 0.39497968896484376 0.5738031970486112 0.401292462890625 0.5623695486111111 0.4061806318359375 0.54226009375 0.41994542578125 0.5418493732638888 0.4249057431640625 0.554552609375 0.436651953125 0.5600477595486111 0.4448768798828125 0.5600018246527778 0.48805472900390623 0.5613136996527778 0.49352262255859375
0 0.27367395399305555 0.3817093623046875 0.28495297482638887 0.3840165390625 0.2994416310763889 0.38485582275390623 0.31508875086805554 0.3876878901367187 0.3238660208333333 0.388241640625 0.3332690329861111 0.38656613427734376 0.3482396779513889 0.38691227099609377 0.3564226189236111 0.38398802734375 0.3601758515625 0.3812829404296875 0.36276096180555556 0.3713738491210937 0.3626703741319444 0.3564842392578125 0.35608802864583333 0.35073369921875 0.35098184722222225 0.34846692529296874 0.3384924166666667 0.35012223046875 0.3088482899305556 0.35116895263671877 0.22099344444444446 0.346623513671875 0.18545310850694444 0.349616845703125 0.17647047743055555 0.35154325390625 0.17093303993055556 0.3544848134765625 0.16719912673611112 0.3676123393554688 0.16990502170138888 0.37755606201171876 0.17396508072916667 0.3818011904296875 0.18261913368055555 0.3838430361328125 0.19183732118055555 0.38439967236328126 0.2372517829861111 0.3846969228515625 0.25954407118055556 0.3818650283203125 0.27367395399305555 0.3817093623046875
0 0.7410339314236112 0.4914729877929688 0.7335987326388889 0.5013503334960937 0.7242959704861112 0.523126669921875 0.7215465720486111 0.5350198876953125 0.7197285243055556 0.5623045200195312 0.7164766006944444 0.5749388999023437 0.7145872847222222 0.5977563603515625 0.7166058298611111 0.61067338671875 0.7207069600694445 0.614422484375 0.7367853368055556 0.6120462192382813 0.7584615434027778 0.6166548012695312 0.7837266953125 0.6205424228515625 0.7965024149305555 0.6260853500976562 0.8094629592013889 0.6293961337890625 0.8216648862847222 0.6312130512695312 0.8511241883680555 0.6323984716796875 0.9002906684027777 0.6406610888671875 0.9209727005208332 0.6412927592773437 0.9300580112847222 0.6381262719726563 0.9343343055555555 0.6344320068359375 0.9380573428819444 0.6267637163085937 0.9423590355902777 0.5801396181640625 0.9475510078125 0.5494029653320313 0.9574903880208334 0.5199381372070313 0.9624601111111111 0.4599182963867188 0.9507401736111112 0.45760823291015623 0.9410399973958332 0.45754474267578127 0.899285748263889 0.4609937041015625 0.8648833376736111 0.4662278369140625 0.8478204470486111 0.4698384091796875 0.8184734852430555 0.47262412890625 0.7812407482638889 0.4800730888671875 0.7510832204861111 0.4873202080078125 0.7456689991319444 0.48877367236328123 0.7410339314236112 0.4914729877929688
0 0.20061945399305556 0.34227160498046877 0.18721799218750002 0.33895793505859373 0.1562716501736111 0.3397479833984375 0.131867796875 0.3361141494140625 0.12218815711805557 0.3358026435546875 0.0977734279513889 0.33762804443359373 0.08818559114583333 0.34153569384765625 0.08871831250000001 0.34575773583984376 0.09563889496527778 0.3527512412109375 0.11423955729166667 0.35188038623046874 0.1260416388888889 0.35319838525390623 0.13509553732638888 0.3557391484375 0.17083036024305553 0.35572489306640626 0.19017997916666665 0.35113668603515624 0.20125485590277778 0.3452535673828125 0.20061945399305556 0.34227160498046877
1 0.23861979942511174 0.48522225252127743 0.05053035543597348 0.013019167503778184
1 0.583083313807463 0.4264086279638615 0.031190551190065148 0.009964483335653362
1 0.8383225039101843 0.5116205850672129 0.04564546480088833 0.016891327503380626
3 0.2861749349829695 0.5402506525252545 0.05146025319343729 0.024249636253778295
3 0.610513843630392 0.4622520175495147 0.04011368876930672 0.012950987502982736
3 0.8833139031386563 0.566143658820991 0.016918770792993126 0.015727270001193228
2 0.2912191535752055 0.5632453246091181 0.03603501148786906 0.005604042086051031
2 0.6205452253969024 0.47746259796704316 0.026486400376757955 0.005541543751988565
2 0.8811472900061613 0.6237778913211899 0.04449439688436563 0.013467677086647534