0 0.43671875 0.63203125 0.62734375 0.54375
1 0.2453125 0.54609375 0.05859375 0.0421875
3 0.3015625 0.71953125 0.07265625 0.0640625
2 0.31640625 0.79765625 0.05234375 0.0296875
0 0.8359375 0.43984375 0.1875 0.26484375
0 0.8203125 0.334375 0.17265625 0.11640625
0 0.36171875 0.378125 0.2328125 0.17890625
1 0.3125 0.34453125 0.0203125 0.01875
3 0.34609375 0.42890625 0.0328125 0.02578125
1 0.815625 0.3671875 0.02734375 0.0203125
3 0.85625 0.45 0.0390625 0.02265625
2 0.8609375 0.5421875 0.03125 0.01484375