0 0.6624826843335809 0.4714246312460494 0.41247341406762583 0.38743055872054305
4 0.3346441858164558 0.4822739612905929 0.3093484140676258 0.3862305907065437
4 0.10929401733738661 0.476298323321137 0.1908928913302129 0.2770908533577261
1 0.7543452376798914 0.3281007978994592 0.04062234140676253 0.03873578333863605
3 0.8181742688202615 0.4750843385582777 0.06721667490485998 0.03982611600890866
2 0.8170176285158128 0.6001570638924594 0.048388420456235794 0.018523280673136
1 0.4078986606075848 0.3618336446133206 0.039745590912471054 0.03638294267186346
3 0.3423373276037792 0.3641597606222293 0.091467258402957 0.04088917667886305
2 0.4566412026223697 0.560579679941139 0.04864308844101295 0.024773280673136
1 0.18126983501815302 0.40120686931095556 0.026432507414373772 0.035447151336727066
3 0.13670675152005582 0.40094378731700075 0.06624442391627658 0.03512952534213589