0 0.5327452480903594 0.6900772679875681 0.5021663154041786 0.5449809377561096
0 0.36033225672340646 0.43452497311658256 0.20820504069858944 0.24472611083442022
0 0.8216697460614062 0.49036848221281043 0.1514556013685439 0.2662885876750565
1 0.401603788749178 0.626188088294229 0.0622278273392725 0.04662459698068133
1 0.33473227271640676 0.38179807940288885 0.018959085335772664 0.01884204528527027
1 0.814737946053452 0.431483633784387 0.020548857336090975 0.021258569892376046
3 0.36766349872690635 0.46063370884855886 0.033094310669954385 0.025747016749222952
3 0.8523384907304064 0.5089750870513747 0.03536533533577284 0.019606178659881835
3 0.4588906721037224 0.785021586846487 0.0656619100095451 0.07333264619489306
2 0.37632143073676955 0.5336538318840882 0.03454772266868176 0.01644479135632899
2 0.858825395408951 0.5967297981762452 0.033784654002226945 0.01797090405277597
2 0.4714184914464948 0.855098646399781 0.04631192600254543 0.020896850909623055