0 0.5565558515625 0.67052304375 0.558856246875 0.6737249796875 0.56790443125 0.676356971875 0.62953198125 0.6814378875 0.6458922406250001 0.6866210109375 0.658737703125 0.6881035234375 0.666144396875 0.680490459375 0.6746546640625 0.666739209375 0.6916407312499999 0.644098346875 0.701768184375 0.615390571875 0.709304653125 0.57993041875 0.7109475187500001 0.564532975 0.7084099562499999 0.5184350140625 0.7090871265625001 0.48972919531250003 0.705239171875 0.47893925625 0.7009377578125 0.47166510468749995 0.6881186609375 0.45692042343750006 0.669672240625 0.44058730625000003 0.647693446875 0.4293950234375 0.6177862484375 0.4262336203125 0.5843980390625 0.42733121875 0.5705774015625 0.429782303125 0.5656339765625 0.43353107968750004 0.55894565 0.441619715625 0.5538393515625 0.4524347171875 0.5519146875 0.4598609984375 0.5488857625 0.486246715625 0.5451884578125 0.536917528125 0.5394475640625 0.5799772359375 0.5377776437499999 0.621458096875 0.5387947 0.6338846375 0.5433184515625 0.6416112593750001 0.5508954312500001 0.648153746875 0.555906421875 0.6603241953125 0.5565558515625 0.67052304375
0 0.4026339859375 0.6275428515625 0.40410450468750003 0.6364536046875 0.4058831875 0.640073353125 0.4151537078125 0.6431578140624999 0.4400323359375 0.642990215625 0.4622767234375 0.6453526046875 0.4806724703125 0.6497463046874999 0.4931503046875 0.64900113125 0.500796225 0.6458203390625 0.5291139796875 0.6250336 0.53426285 0.6177574875 0.53853995625 0.5998300578125 0.5410559593750001 0.56944143125 0.5404072171875 0.5464213296875 0.5424352906250001 0.524410128125 0.549535878125 0.483624315625 0.5525553265625 0.47448057187500003 0.5528891734375 0.46874865000000004 0.5459967765625 0.454722121875 0.5160220140625 0.43564149687500003 0.5082997375 0.42732378750000005 0.4961557484375 0.4223370421875 0.48434560624999995 0.41161837187500006 0.46505172968749997 0.40983551875 0.4317405609375 0.40961036562500003 0.4070072265625 0.41155318437500005 0.3961371 0.4145838046875 0.391065271875 0.420537165625 0.389517025 0.4257704140625 0.39007993750000003 0.454533990625 0.386837465625 0.47604651562500006 0.3817284203125 0.53814651875 0.378304125 0.601209215625 0.378817046875 0.605212125 0.381827021875 0.6133103546875 0.3839307609375 0.615618903125 0.39607475000000003 0.62060565 0.40080394375 0.6248049359375 0.4026339859375 0.6275428515625
0 0.25586132500000003 0.5941800125000001 0.2692453921875 0.5992245171875 0.3353372296875 0.6045133593750001 0.36997430625 0.599052796875 0.376585590625 0.5922869109375 0.3789806078125 0.5853246484375 0.38048627968750004 0.5765525125 0.384954 0.5126541875 0.3938515359375 0.45382542812500004 0.39418538125 0.44809350468750003 0.3929372 0.43963522031249996 0.38758425937499996 0.4247961671875 0.381221678125 0.4187523546875 0.3673327890625 0.41810546875 0.342710965625 0.41386389687499997 0.32983171875 0.40442177187499995 0.320612559375 0.40045547656249997 0.30295207031250004 0.4005171515625 0.26096913593750004 0.395466975 0.2323189078125 0.3963431328125 0.20256510468750002 0.40335747812499995 0.20425795781249997 0.4127207015625 0.214537434375 0.419831175 0.21750483437499998 0.424390515625 0.219155115625 0.4302148484375 0.22007823906250001 0.43998433437499995 0.22028972656249998 0.48332127812500003 0.2166099984375 0.5251506453125 0.21161383906250003 0.55542375625 0.2115448984375 0.5651470359374999 0.2127761890625 0.5696255156250001 0.22037885 0.5757270875 0.2439998203125 0.5843431765625 0.25586132500000003 0.5941800125000001
0 0.17689903125 0.575028321875 0.18299670625 0.577080778125 0.19508123125000001 0.5745488328125 0.2023081609375 0.5700221859375 0.21004870156250002 0.5566772 0.2125038671875 0.5444123796875 0.21671478125000002 0.484923225 0.22258476562500001 0.42683768281249995 0.221662328125 0.40424694531250005 0.21475235312500002 0.3990618640625 0.194107571875 0.39058439375 0.1549210640625 0.38875925312500004 0.14843818125 0.3933205515625 0.14378534375000002 0.40061976718750003 0.1416545484375 0.4243946375 0.13798429843749999 0.44898203125 0.13632385625000001 0.47322092031249996 0.13033563125 0.5034478250000001 0.1290002453125 0.5263755156250001 0.1272120859375 0.5399977390624999 0.127895984375 0.5453349515625 0.133351646875 0.558410334375 0.1403555546875 0.5662524703125 0.1444434203125 0.5686534328125 0.1577592375 0.5705999671875001 0.16951870468750002 0.56937921875 0.17689903125 0.575028321875
1 0.18170867142785813 0.4040647235308673 0.023611805247554418 0.017461481803034928
1 0.2615403845961552 0.418750115796819 0.02870882892507769 0.024711055624352517
1 0.4423353582877959 0.4350044702210985 0.03946431840173403 0.02209547787409356
1 0.6137553319794368 0.45082217700274274 0.039828339448421346 0.028345477874093562
3 0.6373909820782587 0.556111144537754 0.03753009207925739 0.029017565963434678
3 0.4621935610033365 0.5244501139347921 0.029717592079257216 0.02865369292790554
3 0.2804731241433986 0.49718548490340686 0.023012565770898163 0.020550094499482086
3 0.18772418202178898 0.4756315084770554 0.01727079998588259 0.015607883374611475
2 0.18454670313906354 0.5436366457806083 0.01782453683170293 0.011738020678164495
2 0.2749518952606732 0.565081460296301 0.02352079998588259 0.01589898180303493
2 0.46283903213472843 0.6075173250596626 0.03128779735504672 0.015481604838564245
2 0.6368456795321273 0.6461732183590716 0.033214318401734035 0.021804379445670107