0 0.6077452639534884 0.4172022203125 0.5906321686046512 0.42050909843750006 0.5683107395348838 0.42778423125 0.5137472476744186 0.43109110937499995 0.499114311627907 0.4340673 0.47902502558139537 0.44035036875 0.4462869302325581 0.4426651828125 0.44157462906976747 0.44497999843749997 0.4383504220930232 0.450271003125 0.4368623279069767 0.450932378125 0.42743772441860467 0.45456994531249995 0.41032462906976747 0.457215446875 0.4006520104651163 0.463498515625 0.3751063744186046 0.4717657125 0.3681619302325581 0.476064653125 0.36196153372093026 0.48333978593750004 0.36072145465116284 0.4869773515625 0.36047343837209306 0.5144244421875 0.36220955 0.5802313203125 0.3599774069767442 0.5851916375 0.3562571686046512 0.601064653125 0.3565051848837209 0.6179297328125 0.36047343837209306 0.64140856875 0.3624575651162791 0.6443847593750001 0.3738662953488372 0.65430539375 0.3822988348837209 0.6589350234375 0.3894912953488372 0.6675329078125001 0.4311579627906976 0.6800990453125 0.44231867674418607 0.687374178125 0.4502551848837209 0.6893583046875 0.45496748604651166 0.6867128015625 0.4703444697674419 0.672493225 0.47927304186046515 0.6672022203125 0.4839853430232558 0.662241903125 0.4931619302325581 0.655958834375 0.5003543906976744 0.6486837015625 0.509034946511628 0.643392696875 0.5276361372093024 0.6364482515625001 0.5531817720930233 0.6354561875 0.569798834883721 0.6304958703125 0.5921202639534884 0.6209059234375001 0.6020408988372093 0.6142921671875 0.6112174860465116 0.6103239125 0.6419714546511628 0.5901519546875 0.6580924860465116 0.5832075109375 0.6655329627906976 0.5765937546875 0.6685091523255814 0.5716334375 0.6734694697674419 0.5587366109375 0.6804139151162791 0.5517921671875 0.694798834883721 0.551130790625 0.70595955 0.5521228546875 0.714144073255814 0.550800103125 0.7183603430232558 0.5494773515625 0.7282809779069768 0.5422022203125 0.7312571686046512 0.537572590625 0.7332412953488373 0.525337140625 0.7349774069767442 0.476064653125 0.7374575651162791 0.44398793437500006 0.7374575651162791 0.42811491874999996 0.7362174860465116 0.42381597656250003 0.7300170895348838 0.4172022203125 0.7173682802325582 0.41290327812500005 0.7062075651162791 0.4105884640625 0.6799178825581396 0.4092657125 0.6526361372093022 0.40496677031250006 0.6427155023255814 0.4056281453125 0.6290746290697674 0.4089350234375 0.6077452639534884 0.4172022203125
0 0.3125853325581396 0.569783928125 0.3604718744186046 0.580664384375 0.36019978372093026 0.4791134578125 0.43801541744186046 0.46315546718749995 0.4423687476744186 0.453725734375 0.5574596895348837 0.4290633640625 0.5552830116279069 0.3862669125 0.5487530290697675 0.3717596359375 0.4961823034883721 0.37143360468750003 0.32047573255813955 0.4268872734375 0.30986451046511626 0.438493096875 0.3125853325581396 0.569783928125
4 0.582093253488372 0.3419312171875 0.579861111627907 0.37400793593750004 0.5796130953488372 0.3921957671875 0.5840773813953488 0.4007936515625 0.5935019837209302 0.40707672031250003 0.6215277779069767 0.4044312171875 0.6272321430232558 0.3984788359375 0.6299603174418605 0.39153439218749997 0.6282242058139536 0.3700396828125 0.6274801593023256 0.341269840625 0.6215277779069767 0.32903439218749997 0.6108630953488372 0.32374338593749996 0.6009424604651162 0.3144841265625 0.595486111627907 0.31150793593750004 0.5910218255813954 0.31679894218750004 0.5885416662790698 0.328042328125 0.582093253488372 0.3419312171875
0 0.5359623011627906 0.340608465625 0.5374503965116278 0.35548941875 0.543154761627907 0.3630952375 0.5538194441860465 0.372023809375 0.5575396825581396 0.3733465609375 0.5679563488372092 0.3736772484375 0.5731646825581396 0.37169312187500003 0.5766369046511628 0.36805555624999997 0.5783730162790698 0.359126984375 0.5783730162790698 0.3449074078125 0.5766369046511628 0.337632275 0.5726686511627908 0.33201058125 0.566220238372093 0.32771164062499997 0.5592757941860466 0.3174603171875 0.5458829360465116 0.3144841265625 0.5401785709302326 0.3177910046875 0.5399305558139535 0.32771164062499997 0.5359623011627906 0.340608465625
4 0.7028769837209302 0.33101851875 0.7003968255813954 0.3389550265625 0.7008928569767442 0.36673280468749997 0.704861111627907 0.3763227515625 0.709325396511628 0.38062169375 0.7137896825581395 0.3822751328125 0.7450396825581395 0.387896825 0.7566964290697674 0.38624338593749996 0.7641369046511628 0.38194444375000003 0.765625 0.3773148140625 0.7633928569767442 0.3703703703125 0.7633928569767442 0.36607142812500004 0.7686011906976744 0.3541666671875 0.7780257941860464 0.34391534375 0.7790178569767442 0.340608465625 0.777281746511628 0.33697089999999996 0.7728174604651162 0.33201058125 0.759424603488372 0.3240740734375 0.7194940476744185 0.32076719531250003 0.7115575395348838 0.3227513234375 0.706845238372093 0.325396825 0.7028769837209302 0.33101851875
1 0.4229996325581395 0.5094677640625 0.39054818023255816 0.4998168109375 0.38868536976744184 0.5158290062499999 0.42322686511627905 0.5258252453125001 0.4229996325581395 0.5094677640625
1 0.46117708255813955 0.5124969234375001 0.46163156976744185 0.5330952375 0.4907191430232558 0.5234019109375 0.4907191430232558 0.5040152703125 0.46117708255813955 0.5124969234375001
3 0.43822515 0.619123475 0.43799791627906975 0.597010575 0.4014598872093023 0.5848371953125 0.4014111802325581 0.5842880890625 0.3995932127906977 0.6079155625 0.43822515 0.619123475
2 0.43630552209302326 0.6730985734375 0.4137355581395349 0.662583109375 0.41312635581395346 0.6697664890625 0.43585101395348835 0.679459815625 0.43630552209302326 0.6730985734375
1 0.36046511627906974 0.45390625 0.023837209302325583 0.0171875
1 0.6174418604651163 0.35234375 0.0069767441860465115 0.009375
3 0.5994186046511628 0.3515625 0.014534883720930232 0.01015625
2 0.6203488372093023 0.3875 0.007558139534883721 0.003125
1 0.7656976744186047 0.34375 0.007558139534883721 0.0078125
3 0.7540697674418605 0.34296875 0.013953488372093023 0.009375