0 0.16489761262326447 0.6429901998475002 0.32979522524652893 0.4031678996950003
4 0.6272627402640627 0.6461061609972575 0.19928830275664816 0.4560175299196182
4 0.8308962548745592 0.66647713164632 0.22941040503012466 0.3473880655388196
4 0.507199656254531 0.6737927902719448 0.06571827759614006 0.1858297036472223
1 0.6826378072274657 0.5184364090973964 0.035506851866439246 0.06564383700597229
1 0.9036809642894802 0.5712568570450355 0.031164225243233545 0.040552918028020815
1 0.08301963677277045 0.4825962540840626 0.054547178165332985 0.03797343189572935
3 0.1274127447282895 0.6258747818194793 0.047447744317957154 0.033903527735416716
3 0.6076514439969409 0.5159095147207297 0.07422843262955983 0.047021776785486226
3 0.8482803981368562 0.5660595575581258 0.05144945170428343 0.03946319671336802
2 0.9194717853133685 0.7412245181392022 0.02446421185055314 0.01462619766329869
2 0.6983098514659926 0.7399847539871534 0.041774442775829715 0.02205749116628475
2 0.12275074391751062 0.7586327304327085 0.03781364569792891 0.018841572188333443