0 0.2333723377416413 0.6312265370131026 0.31090203697341573 0.3558327388323484
0 0.3952515400256334 0.656691071545006 0.05655429443664754 0.11252142473094047
4 0.8393766762762519 0.6547755845701753 0.22681696404263718 0.34256429735218497
4 0.6490825469230384 0.6373397198068137 0.19945992593756773 0.40052019251362053
4 0.5080414670948549 0.6525922305601807 0.1280884577110591 0.16884850744359808
1 0.6932276153312611 0.5279497572342011 0.03481541327441171 0.054616879445670105
1 0.9063793905460317 0.5651544664970448 0.028568735300678938 0.0395184183207995
1 0.3940674983025193 0.6192274588485589 0.010193871551297562 0.01606164764263518
1 0.1607902515818797 0.48055014081820957 0.05192434814554918 0.039047537427387445
3 0.21269466756982475 0.6084418544242794 0.0437024123699004 0.03087116439185813
3 0.403968120758328 0.6594350818840882 0.010688516508343326 0.010629284946188023
3 0.6274388410210016 0.521768223735755 0.067832631162236 0.06005139619489306
3 0.8532134469684669 0.5618988798554456 0.054636590343633176 0.04618794933804615
2 0.933973203300045 0.7347777617823151 0.021295145861557074 0.019696069892376045
2 0.7229947597224801 0.7241719398230243 0.0356851944820761 0.026601041356328813
2 0.21825967209238048 0.7294992171207266 0.04094922659425162 0.022949502481199247
2 0.4107437432141367 0.6994971557054057 0.010606629353213748 0.009066784946188022