0 0.39296875 0.5000575246914761 0.43828125 0.18223734572183278
0 0.64921875 0.43919170580241884 0.1453125 0.11178290339440444
0 0.2953125 0.36390692213395226 0.19609375 0.04176584006449202
0 0.88125 0.5370605374790955 0.2375 0.18575673458010195
0 0.1734375 0.34352222014216244 0.11328125 0.020190301033272285
1 0.27890625 0.48197112090428823 0.05 0.01279089149054773
1 0.61875 0.41905646780447137 0.03125 0.010338057181592397
1 0.8796875 0.5011321278381752 0.0453125 0.017451120413308985
3 0.33046875 0.5363586390546609 0.05 0.024509641490547907
3 0.6484375 0.4540400009819587 0.0390625 0.013508508976990541
3 0.9296875 0.5547474863476275 0.015625 0.015715903590796287
2 0.3375 0.5589739824388026 0.0359375 0.005677828258831142
2 0.659375 0.46960136846840134 0.0265625 0.005623286104353475
2 0.93203125 0.612546350809008 0.04375 0.013535780054229285