0 0.157127615625 0.5659388062499999 0.1597071140625 0.5755755125 0.1637523421875 0.5824686515625 0.1772128046875 0.586277859375 0.19783192656249998 0.58802085 0.2353488734375 0.5868407062500001 0.2826829796875 0.5833155484375 0.32542594375 0.5833139203125 0.3385624703125 0.5848961140625 0.3498833375 0.5874908953125 0.35517434375 0.5874293296875 0.388023175 0.5828334 0.40457107031249995 0.578179284375 0.42591807656249997 0.5660333859375 0.453826846875 0.5548025937500001 0.46704237656250003 0.5464692859375 0.48679367500000004 0.5395471140625 0.496753809375 0.534473925 0.53385685 0.524375471875 0.5492899625 0.5157684921875 0.5748651828125 0.498616103125 0.5861649328125 0.48646825 0.582941784375 0.4135046453125 0.572594834375 0.405699215625 0.5473694109375 0.405784159375 0.48126585312500003 0.40738764843749997 0.4499712390625 0.4100461078125 0.411799540625 0.416538940625 0.36306139375 0.42649191562500005 0.34963461093750003 0.4349911296875 0.2103915421875 0.46216580937499996 0.1784413828125 0.4702548390625 0.1725347328125 0.4838809171875 0.15435049218750002 0.47700096875 0.15172875 0.49238583281250003 0.145575825 0.542526084375 0.14810333281250002 0.553154853125 0.157127615625 0.5659388062499999
0 0.60289485 0.48598742968749997 0.6320343734375 0.48490476562499996 0.657295615625 0.49055957499999997 0.6797054124999999 0.4833586046875 0.689406603125 0.4748183234375 0.6923380609375 0.469331190625 0.7000606984375 0.41446324843750004 0.7001797062499999 0.39537628593749996 0.698417053125 0.3869693984375 0.6955515984375 0.3827890421875 0.6882119828125 0.3799000703125 0.673674715625 0.3798213625 0.6625738015625 0.38143772187499997 0.6229172562499999 0.38140343906249996 0.6069402562499999 0.3835722640625 0.58587920625 0.3902618125 0.5745963203125 0.3953503921875 0.5549089984375 0.4094598953125 0.5546490390625001 0.41442021406249996 0.567706565625 0.4259179125 0.573450471875 0.43403060781249997 0.5747161625 0.4771443265625 0.5761938765625 0.48258015312499997 0.58047306875 0.48500900625 0.60289485 0.48598742968749997
0 0.31107289374999997 0.3788354609375 0.3268029328125 0.3813789359375 0.335595278125 0.38177235625 0.34494552343749996 0.3799285046875 0.3599237078125 0.38000208125 0.368016190625 0.3769335421875 0.37168650625 0.37416432187500004 0.373970090625 0.364223165625 0.37342721874999996 0.34935760625 0.366671496875 0.343735328125 0.3614974734375 0.3415647515625 0.34906080781250004 0.34344451875000004 0.3194543734375 0.34502834375 0.23147891875 0.342086196875 0.1960365765625 0.34572084531249997 0.18711424999999998 0.3478075828125 0.18166727031250002 0.350845340625 0.178332875 0.3640209640625 0.18134029375 0.37390055625 0.1855285 0.37806551875 0.1942428578125 0.3799470359375 0.203476121875 0.3803353265625 0.248890584375 0.37980688125 0.2710924140625 0.3765741640625 0.2852147609375 0.376161971875 0.29656162343750003 0.3782607203125 0.31107289374999997 0.3788354609375
0 0.7558161125 0.47726781875 0.7486824375000001 0.48726541250000005 0.7400430265625 0.509178028125 0.73765545625 0.5211033109375001 0.7366665968749999 0.5483799281249999 0.733799115625 0.5610543906250001 0.732603303125 0.58387185 0.7350138281249999 0.5967327625000001 0.7392280312499999 0.6004016937500001 0.7552310265625 0.5977368359375 0.77704291875 0.6019445953125 0.802421140625 0.6053672625 0.8153627 0.6106696953124999 0.8284212390624999 0.6137399859375 0.8406759328125 0.615332440625 0.8701653859375 0.615980759375 0.9195730843750001 0.6233375171875 0.94027019375 0.6235924125000001 0.949257509375 0.6202655953125 0.9534207328125 0.6164991843750001 0.9569100875000001 0.608774778125 0.959794621875 0.5621426625 0.964051871875 0.5313579109375001 0.9730942203125 0.5017568046875 0.9762397265624999 0.4417369625 0.9644519468749999 0.43964334374999997 0.954751771875 0.439756215625 0.9131105921874999 0.4439587234375 0.8788740203125001 0.44981012500000006 0.8619242 0.4537253234375 0.832667696875 0.45704012968749996 0.795668640625 0.46515445624999996 0.7657372546875 0.47293867812499996 0.7603682609375 0.4744883390625 0.7558161125 0.47726781875
0 0.166561134375 0.33639710312500004 0.142051746875 0.33321219062499996 0.13236457031249999 0.333077046875 0.10801014375 0.33534335312499997 0.0985429171875 0.3394193484375 0.0992037859375 0.34362535781250003 0.10633543593749999 0.35048258125 0.12490594375 0.3492750375 0.1367457171875 0.350376590625 0.145874996875 0.352749009375 0.18160228125 0.3520854203125 0.20080867812499997 0.34715250468750003 0.2117026390625 0.341076990625 0.2109767796875 0.3381110609375 0.1974773234375 0.33504590156249997 0.166561134375 0.33639710312500004
1 0.2535621754873418 0.480348381962138 0.05065509724103805 0.013081802673454134
1 0.5965995245374021 0.4154564419160039 0.03178226650834333 0.010519876670908878
1 0.8531560617379604 0.4960139092139146 0.04621325870642714 0.017714758672817865
3 0.3022586250578005 0.5344358979551384 0.051269250904511135 0.024800552673454136
3 0.6244445635469826 0.45026724657864037 0.03975854081860284 0.013735783338636055
3 0.9003309548859839 0.5493383565404603 0.016443871551297562 0.01580681333545435
2 0.3081025113084191 0.5570103319541839 0.03622410504295415 0.005886920671545326
2 0.6345631919956851 0.46576497724382226 0.026849105042954236 0.005777832670272609
2 0.8996448801461832 0.6071235845401421 0.04444604081860284 0.013790327339272324