0 0.5701884921875 0.3640873015625 0.54737103125 0.37070105781249996 0.518353175 0.37599206406249996 0.49404761875 0.3855820109375 0.4677579359375 0.38955026406250004 0.44122023749999995 0.3955026453125 0.4283234125 0.4011243390625 0.42509920625 0.4050925921875 0.4206349203125 0.415013228125 0.412946428125 0.4229497359375 0.39012896874999997 0.43320105781249996 0.3645833328125 0.4391534390625 0.34722222187499996 0.4454365078125 0.3110119046875 0.4507275125 0.28174603125000003 0.459325396875 0.255704365625 0.46858465625 0.21626984062500001 0.477513228125 0.2041170640625 0.4831349203125 0.17435515937499999 0.4920634921875 0.1617063484375 0.49801587343750003 0.15302579375 0.503637565625 0.1498015875 0.5082671953125 0.146825396875 0.5195105812499999 0.143353175 0.5446428578125 0.14037698437499999 0.5575396828125 0.1391369046875 0.5701058203125 0.134920634375 0.5849867718749999 0.1341765875 0.5949074078125001 0.13467261875 0.6104497359375001 0.1304563484375 0.64417989375 0.1314484125 0.659722221875 0.1299603171875 0.70601851875 0.1289682546875 0.721891534375 0.12574404687500002 0.7417328046875 0.124255953125 0.7585978843750001 0.1232638890625 0.815145503125 0.1240079359375 0.8369709000000001 0.127976190625 0.860119046875 0.131200396875 0.8644179890625001 0.137648809375 0.8683862437500001 0.17509920625 0.875 0.19097222187500001 0.8792989421874999 0.2606646828125 0.891203703125 0.2981150796875 0.8955026453125001 0.34052579375 0.903769840625 0.3529265875 0.903769840625 0.36259920625 0.9021164015625001 0.403769840625 0.8862433859375001 0.43179563437499996 0.8829365078125001 0.440476190625 0.8802910046875001 0.45386904687499996 0.8736772484375 0.4605654765625 0.8630952375 0.4670138890625 0.859457671875 0.4739583328125 0.8525132281250001 0.48363095312500004 0.8458994703125 0.49007936562500004 0.8366402109375001 0.49553571406249997 0.8234126984374999 0.500248015625 0.81845238125 0.516369046875 0.8072089953124999 0.547619046875 0.7883597890625 0.5543154765625 0.7824074078125001 0.584325396875 0.7625661375 0.5952380953125 0.752645503125 0.608630953125 0.74404761875 0.6336805562500001 0.73148148125 0.6453373015625 0.728174603125 0.658978175 0.7321428578125 0.671626984375 0.7291666671875 0.6765873015625 0.7225529093749999 0.6830357140625 0.7096560843749999 0.6875 0.6947751328125 0.6944444437499999 0.6798941796875 0.703125 0.6676587296875 0.7113095234375 0.659722221875 0.7165178578125 0.6521164015625 0.728174603125 0.640542328125 0.7385912703125 0.6326058203125 0.744295634375 0.622354496875 0.7480158734375 0.608796296875 0.7482638890625 0.59358465625 0.75 0.5823412703125 0.750744046875 0.5674603171875 0.7445436515625 0.49636243437500005 0.7398313484375 0.40674603125 0.7380952375 0.39351851875 0.734126984375 0.375661375 0.731646825 0.371362434375 0.722222221875 0.3673941796875 0.7078373015625 0.3670634921875 0.696924603125 0.3647486765625 0.656498015625 0.360119046875 0.6326884921875 0.3634259265625 0.59052579375 0.36276454999999996 0.5701884921875 0.3640873015625
1 0.2453125 0.54609375 0.05859375 0.0421875
3 0.3015625 0.71953125 0.07265625 0.0640625
2 0.31640625 0.79765625 0.05234375 0.0296875
0 0.9169157421874999 0.521873159375 0.9232582546874999 0.46329562500000004 0.9300538171875001 0.3926402703125 0.921899140625 0.3189654734375 0.8879213265624999 0.310510978125 0.843070609375 0.307491509375 0.8131701328125001 0.3171537984375 0.76786640625 0.34734837500000004 0.7483857781250001 0.36788072031249996 0.7425649703125 0.452593771875 0.7492918390625001 0.5689767296875 0.8865622140625 0.57260008125 0.9169157421874999 0.521873159375
0 0.8123666578125001 0.31681446874999997 0.843579534375 0.30568413125 0.883937571875 0.3085992234375 0.9066016937500001 0.3109842953125 0.9042159968749999 0.3046241015625 0.8127642859374999 0.27679825468749997 0.7702193484375 0.2765332390625 0.7511337703125001 0.27785828281249997 0.738807675 0.282363425 0.7346327046875001 0.330594884375 0.7336386515625 0.3729961828125 0.7380124359375 0.390486715625 0.746192228125 0.3927187984375 0.7457659515625 0.37114111875 0.7652491390625 0.3504704890625 0.8123666578125001 0.31681446874999997
0 0.3468703859375 0.29524020625 0.345718803125 0.3039387734375 0.3115551734375 0.305473815625 0.310403590625 0.31493990312500003 0.2722094203125 0.324150153125 0.2485119046875 0.33101851875 0.24677579375 0.36673280468749997 0.2452876984375 0.3796296296875 0.24677579375 0.41964285781250005 0.2452876984375 0.45502645468749997 0.2490079359375 0.46428571406249997 0.252976190625 0.4672619046875 0.26512896874999997 0.466269840625 0.2757936515625 0.4613095234375 0.2919146828125 0.4507275125 0.341021825 0.44742063437499996 0.3544146828125 0.4454365078125 0.372519840625 0.4391534390625 0.396825396875 0.4328703703125 0.40674603125 0.428240740625 0.4166666671875 0.42129629687500003 0.4293154765625 0.40244709062500006 0.435019840625 0.396825396875 0.44171627031250005 0.39252645468749997 0.46428571406249997 0.3822751328125 0.46924603125 0.377645503125 0.47445436562500004 0.3647486765625 0.4779265875 0.341269840625 0.478174603125 0.32705026406250004 0.47718253906249997 0.31679894218750004 0.474950396875 0.3048941796875 0.47222222187499996 0.3005952375 0.466269840625 0.29596560781250003 0.45709325468750006 0.29298941875 0.42633928593750003 0.2916666671875 0.4012896828125 0.2886904765625 0.39112103125000003 0.29001322812499997 0.3802083328125 0.29431216875 0.3468703859375 0.29524020625
1 0.3125 0.34453125 0.0203125 0.01875
3 0.34609375 0.42890625 0.0328125 0.02578125
1 0.815625 0.3671875 0.02734375 0.0203125
3 0.85625 0.45 0.0390625 0.02265625
2 0.8609375 0.5421875 0.03125 0.01484375