0 0.6373961712683212 0.4938715137707992 0.4013294267186339 0.3920498681598614
4 0.3091893552673667 0.49326556962288215 0.298204426718634 0.38964960714194474
4 0.08786652997693288 0.479434886492882 0.17573305995386576 0.2791822729857641
1 0.7367069226209566 0.353956988219584 0.03950794267186346 0.03919043977951393
3 0.7928012866009121 0.5029588390932646 0.06607953333863606 0.040589938829583436
2 0.7850967799172766 0.6278133687285423 0.04786533533577249 0.01907796153100705
1 0.3887052272835932 0.37555269918191003 0.038699420671545234 0.0368285059839236
3 0.3230620459500478 0.37558776035232666 0.09030737400540882 0.04193488649288195
2 0.4270121072565489 0.5757170065526045 0.0479380606699543 0.025327961531007047
1 0.16015296594527523 0.40696178086954876 0.02540908000477251 0.03573813145888884
3 0.11563080661204797 0.40514405452090285 0.06524373933799979 0.035884255033993104