0 0.43925088372093024 0.434512521875 0.42220653837209304 0.4379610515625 0.41269720116279074 0.44469800625 0.3873664093023256 0.45416392656250004 0.3805336837209302 0.458788734375 0.37452235 0.46635481875 0.37337680232558135 0.47005057499999997 0.3738420686046512 0.4975093046875 0.37728833953488367 0.5632347156249999 0.37518510348837214 0.5682997750000001 0.37187736627906975 0.5843473625 0.37256366395348833 0.6012008046874999 0.37714207558139534 0.62449343125 0.3792035453488372 0.6273765171875 0.3908700895348837 0.6367617984375 0.3994229418604651 0.6409957328125 0.4068388395348837 0.6492561125 0.4488320697674419 0.6598670515625 0.4601818476744186 0.6666184703125 0.46816991744186043 0.668230178125 0.4728134686046511 0.66536355 0.48782092093023255 0.6504224125 0.4966119930232558 0.6447124359374999 0.5011953872093023 0.6395309953125 0.5102086930232558 0.6328173171875 0.5172120906976744 0.6252046796874999 0.5257551465116279 0.6195063421875 0.5441758674418604 0.6116890390624999 0.5696957209302326 0.6094982515625 0.5861838779069768 0.6037581828125 0.6082560872093024 0.5931208078125 0.6180048465116279 0.586041528125 0.6270783093023256 0.5816426640625 0.657308058139535 0.5600275828125 0.6732486197674419 0.5523266625 0.6805172209302326 0.5453637640625 0.6833645046511628 0.540263790625 0.687989665116279 0.5271342015625 0.6947536418604651 0.519863890625 0.7091213732558139 0.5185275046875 0.7203078697674419 0.5189958546875 0.7284580186046511 0.517289046875 0.7326399127906977 0.515768446875 0.742371484883721 0.5080277921875 0.7452273627906977 0.50325850625 0.7468935197674419 0.4909299515625 0.7473491604651162 0.441575996875 0.7489957232558139 0.40938289687499996 0.748583223255814 0.39350988125 0.7472314244186046 0.3892691296875 0.7408591523255814 0.3829463265625 0.7280986244186046 0.37924092656249997 0.716877753488372 0.37744982656250003 0.6905536953488371 0.3773607125 0.6631602313953489 0.3743419609375 0.6532567837209302 0.375468859375 0.6397018476744186 0.3794158328125 0.618587326744186 0.3886839046875 0.6015601697674418 0.3927938109375 0.5794278034883721 0.401116371875 0.5249502488372093 0.40698363125 0.5103946569767442 0.41064646875 0.4904686523255814 0.41787222343749997 0.45779071395348836 0.421723265625 0.4531385686046511 0.4242592046875 0.450051861627907 0.4297015046875 0.4485809558139535 0.4304327078125 0.43925088372093024 0.434512521875
0 0.3212598709302325 0.42395277187499997 0.3273926209302326 0.5551159296875 0.37556191860465116 0.56374931875 0.3726507686046512 0.4622111609375 0.4500516930232558 0.4426016890625 0.45415996744186043 0.4329676765625 0.5686099953488372 0.4029046890625 0.5653211418604651 0.3602103765625 0.5584141511627907 0.34600951874999997 0.5058349523255814 0.3481503578125 0.33156948720930235 0.41184901875 0.3212598709302325 0.42395277187499997
4 0.6300785755813954 0.2998693359375 0.6192763930232559 0.29507876718750004 0.6091151325581395 0.28628503125 0.6035814395348836 0.28356487812500003 0.5992546534883721 0.2890653703125 0.5970666825581395 0.3004251375 0.5909792081395349 0.3146166171875 0.589580661627907 0.346798078125 0.5898053023255814 0.3649975484375 0.594493026744186 0.373385946875 0.6040809104651162 0.3792267671875 0.6320379546511627 0.3752661609375 0.6375876313953489 0.36904610312499997 0.6401353372093024 0.361973640625 0.6378406302325582 0.340560396875 0.6363489255813953 0.31182547031249996 0.6300785755813954 0.2998693359375
0 0.5854111395348837 0.3105737125 0.5812967930232558 0.305138228125 0.5747366604651163 0.30114187812500004 0.5675258093023257 0.291216421875 0.5540556081395349 0.2888686875 0.5484371802325582 0.2924432421875 0.5484469779069767 0.302375515625 0.5448138802325582 0.31545855 0.5466886953488372 0.330269675 0.5525907174418605 0.3376078171875 0.5634874313953488 0.3460359515625 0.5672420441860465 0.34718413125 0.5776673046511628 0.34702601875 0.5828240755813954 0.3447974921875 0.5862017662790697 0.34099699375000003 0.5877058465116279 0.33198695625 0.5873363151162792 0.3177673796875 0.5854111395348837 0.3105737125
4 0.7730178755813953 0.334548325 0.7729061558139535 0.3302493828125 0.7778051139534884 0.31810022187500003 0.786963311627907 0.3074066515625 0.7878694360465116 0.30405322031250004 0.7860387941860466 0.300497121875 0.7814456023255815 0.2957462890625 0.7678464941860466 0.28843823749999997 0.7278300011627907 0.2870050921875 0.7199450558139534 0.2893616390625 0.7153015046511628 0.29222826562500004 0.7114793441860465 0.29803616875 0.7092054360465117 0.30608905625 0.7104233441860465 0.333843559375 0.7146408174418605 0.343247296875 0.7192168220930233 0.347336753125 0.723724076744186 0.34878070625 0.7551201709302326 0.3529359984375 0.7667339476744186 0.35073556875 0.7740627046511628 0.34608748437500003 0.7754304872093023 0.3413880265625 0.7730178755813953 0.334548325
1 0.40209050116279066 0.49759002968750005 0.43689177441860466 0.505965415625 0.4362394511627907 0.4896185984375 0.4035371941860465 0.48149042187499996 0.40209050116279066 0.49759002968750005
1 0.5043210755813953 0.5003750218749999 0.5038172651162791 0.48098838125 0.47449562209302326 0.4908562890625 0.47548540813953494 0.5114332765625 0.5043210755813953 0.5003750218749999
3 0.4543146523255814 0.5985598546875 0.45351275813953484 0.5764576171875 0.416658373255814 0.5659987765625 0.4165953953488372 0.56545195625 0.4153914488372093 0.5891647375 0.4543146523255814 0.5985598546875
2 0.4305319453488372 0.6503806234375 0.45350850930232556 0.6590076015624999 0.4537977046511628 0.65262503125 0.43095446976744184 0.6431686578125 0.4305319453488372 0.6503806234375
1 0.3722610273690148 0.43699150227743466 0.02428387030745266 0.018306055897782513
1 0.62659841107022 0.32337042406231553 0.0072203774615704685 0.00970238221398514
3 0.6085548524833061 0.3234349114484438 0.014798819769414474 0.010838296279135662
2 0.6304190125976205 0.35839026480648845 0.0076393506267248635 0.003479664065150523
1 0.7746308945211448 0.30781980201513137 0.0077611672644868415 0.008167164065150523
3 0.7629826847714402 0.30758418903844 0.01419712164761698 0.010029764427970277