0 0.5198079786215921 0.6568197100850175 0.5104747795586642 0.5239753938282389
0 0.34615020361527443 0.4066328368430382 0.2019502595669115 0.22926129488495234
0 0.803241289587794 0.4381934716942865 0.15435384553943124 0.25788574375348394
0 0.37735107633910114 0.2708998699223296 0.1176170605039836 0.09598064139235189
1 0.39080478872986424 0.5990475958200286 0.058903638558944316 0.03783634328594587
1 0.3150760483632826 0.3588038700205255 0.02782112311953817 0.016565331283893238
1 0.7938602779093115 0.3842417698988885 0.038272889812585476 0.02678066861791084
3 0.35161059342786 0.4332226079202771 0.03200015775927421 0.025963057181592218
3 0.8343920011871342 0.46180823369633917 0.031818301332783606 0.01971305718159222
3 0.4445017532321983 0.7532401921310365 0.0674208322115959 0.062100545081344015
2 0.4637578700835303 0.8244339360809125 0.04443196159934022 0.023692030054229464
2 0.3576309243858147 0.5059015838179761 0.03250862311953817 0.016592602361132157
2 0.8415800270513817 0.5477730047735779 0.031886497492717325 0.022056807181592218