0 0.6495013050895838 0.5304629772016671 0.4909965144363893 0.4299512180836114
4 0.22967911436013927 0.5081982789696877 0.2453001950978475 0.30710855765503486
4 0.06138305603951429 0.49022626291777777 0.10372833130638906 0.1960593420399654
1 0.770010560789167 0.3739792007005215 0.04375065321038214 0.034593858757465325
1 0.29393967648048647 0.41755640159486135 0.027162565254479177 0.026399499050069507
1 0.08838066071291703 0.44244337955902785 0.020094947663298623 0.024673344889756876
3 0.8386001726807644 0.5364259557345146 0.07118532218833344 0.039136541603125075
3 0.2463743454584378 0.4203534400638544 0.06918641109416672 0.02035017401194459
3 0.05478691071291704 0.4416614763486459 0.048983013867708355 0.02456489532659738
2 0.8355868882958338 0.6753429853697923 0.05207164627652787 0.023075130508958354
2 0.3272093842117713 0.572153635827292 0.042696646276527875 0.02285692496187508
2 0.10366212822784766 0.5286900040840626 0.01740570554708336 0.009775043502986237