0 0.4523809521484375 0.4343888196614583 0.45089285693359377 0.43626896289062495 0.4424603173828125 0.438325224609375 0.4310515874023437 0.43719732812499995 0.4226190478515625 0.43462396028645833 0.41567460302734377 0.42355669270833335 0.408234126953125 0.4197298958333333 0.4035218251953125 0.41873923828125004 0.3871527778320312 0.41759541796875 0.35615079345703127 0.4187359694010417 0.3407738095703125 0.42659004296874997 0.333829365234375 0.4343719811197917 0.3253968251953125 0.44072718489583335 0.322172619140625 0.4507532096354167 0.318204365234375 0.4537827981770833 0.3033234125976563 0.4583646536458333 0.29811507958984373 0.4626303411458333 0.2941468251953125 0.46863611979166664 0.2914186508789062 0.4760513033854166 0.28497023828125 0.5113149928385416 0.28745039697265623 0.535297822265625 0.28844246044921873 0.5611607962239583 0.2862103173828125 0.58845191015625 0.2857142856445313 0.610573333984375 0.2859623017578125 0.642998072265625 0.2881944443359375 0.6663021959635417 0.29265872998046877 0.6705824010416667 0.30307539697265623 0.6736251009114583 0.3559027778320312 0.6832689029947917 0.39037698388671876 0.699897435546875 0.3970734125976563 0.70168811328125 0.416170634765625 0.7030225703125 0.4310515874023437 0.7010862174479167 0.44692460302734377 0.7012033131510417 0.4575892856445313 0.701948529296875 0.4813988095703125 0.7069191464843749 0.49627976171875 0.7036600423177083 0.513640873046875 0.6949525494791667 0.5218253969726563 0.6885800162760417 0.529265873046875 0.6854623678385416 0.5580357143554687 0.6815203385416666 0.5731646826171874 0.6769558125 0.5927579365234374 0.6684042962239584 0.6088789682617187 0.666554595703125 0.62103174609375 0.6621127903645834 0.6436011904296876 0.6650126276041667 0.673611111328125 0.6664482565104167 0.6845238095703124 0.6655573645833334 0.6966765874023437 0.661776935546875 0.7016369047851563 0.6588166692708334 0.7053571430664063 0.6544469993489583 0.7118055556640625 0.640016642578125 0.7175099204101563 0.634132177734375 0.7371031748046875 0.6282261640625 0.7703373017578125 0.6123606360677083 0.7723214287109375 0.6098537779947917 0.775297619140625 0.6001411106770833 0.77752976171875 0.571196556640625 0.7748015874023437 0.5247096236979166 0.7750496030273437 0.4995946790364583 0.7735615078125 0.47501979622395835 0.7735615078125 0.44591926692708334 0.7720734125976563 0.43622533593749996 0.7705853173828126 0.4324837864583333 0.7594246030273437 0.42112189778645837 0.7214781748046875 0.41284862109375003 0.7073412700195313 0.407561833984375 0.6946924604492187 0.4060165970052083 0.6830357143554687 0.40817824869791663 0.62127976171875 0.40882324283854166 0.5808531748046875 0.412281421875 0.5443948413085937 0.41899308072916663 0.5287698413085937 0.42319225716145836 0.5084325395507813 0.4316917819010417 0.49156746044921873 0.43117467578125 0.4796626982421875 0.43398037174479165 0.470734126953125 0.43434853385416666 0.45684523828125 0.43271664388020836 0.4523809521484375 0.4343888196614583
1 0.34228515625 0.48355328989414836 0.037109375 0.02668163491244213
3 0.36376953125 0.5768514294048604 0.029296875 0.026135720544910424
2 0.37646484375 0.6688843735854327 0.02685546875 0.014246372305056987
2 0.74462890625 0.4719543381553632 0.029296875 0.02288051221157709
0 0.7222222221679687 0.39272865559895836 0.736359126953125 0.40462919856770835 0.7472718251953125 0.4103520631510416 0.7916666665039063 0.41676112109375 0.8072916665039063 0.41785294986979166 0.8122519838867187 0.41687681119791664 0.8211805556640625 0.41187902083333333 0.8256448413085937 0.40590790234375 0.828125 0.39781401302083336 0.8256448413085937 0.32654282291666664 0.8226686508789063 0.300541205078125 0.8209325395507813 0.2954595735677083 0.8125 0.28428832161458334 0.7971230161132813 0.27230112565104164 0.7745535712890625 0.26245684375 0.75 0.255780794921875 0.7428075395507813 0.25494751953125 0.708829365234375 0.25753354231770836 0.697172619140625 0.262671384765625 0.6946924604492187 0.26646633268229164 0.6909722221679687 0.28737039453125 0.6909722221679687 0.304566162109375 0.6959325395507813 0.3393043079427083 0.6964285712890625 0.35256648307291666 0.6996527778320313 0.3670113580729167 0.7043650795898437 0.3782533372395833 0.7105654760742187 0.38563104752604166 0.7222222221679687 0.39272865559895836
0 0.7150490815429688 0.255330205078125 0.7731432270507812 0.262786076171875 0.8103438793945312 0.290858765625 0.8330853173828126 0.30292252994791663 0.838045634765625 0.303269142578125 0.8495828916015625 0.30480888736979167 0.8564624614257812 0.305289611328125 0.8572268583984375 0.28768159895833334 0.8571428569335937 0.2523549225260417 0.857638888671875 0.22692662109374998 0.8559027778320313 0.2205222376302083 0.849454365234375 0.21378857291666667 0.8325892856445313 0.213602154296875 0.80877976171875 0.20697809765625 0.7857142856445313 0.20338222395833336 0.7527281748046875 0.20041587630208335 0.7266865078125 0.19958822526041667 0.7083333334960937 0.19698300846354166 0.6976686508789063 0.19789123111979168 0.6862599204101563 0.19709402278645835 0.6721230161132813 0.19412205078125 0.6589781748046875 0.19320352799479168 0.6532738095703124 0.20735518815104168 0.6535218251953125 0.23746511197916667 0.6498015874023437 0.26002261328125004 0.6540178569335937 0.2735447467447917 0.6589781748046875 0.2821585546875 0.6731150795898437 0.283807775390625 0.681795634765625 0.28243022005208335 0.6872519838867187 0.27718980013020833 0.6922123017578125 0.269269216796875 0.6964285712890625 0.26592627148437503 0.7150490815429688 0.255330205078125
1 0.78662109375 0.3043157112141793 0.0146484375 0.012742339439121952
1 0.833984375 0.22884927540067343 0.013671875 0.008767850143180414
3 0.80126953125 0.3535163839866345 0.01708984375 0.012912937678975537
3 0.8466796875 0.2629395112479124 0.01123046875 0.009248293569993423
2 0.85009765625 0.2970325154503742 0.009765625 0.007843851292747969
2 0.80712890625 0.3988476947622832 0.01953125 0.010479369252162604