0 0.6051173359375001 0.6105642296875 0.6111680921875 0.622369421875 0.6127032484375 0.63248886875 0.6152732125 0.635531996875 0.624513946875 0.6375764046875 0.6863340453125 0.6387030375 0.7030794031250001 0.6428221546875 0.7160018874999999 0.643478875 0.722715403125 0.6354211515625 0.7299933546874999 0.6211776015625 0.7449383968750001 0.5975362578125 0.7525242000000001 0.5682885390625 0.75694136875 0.5324790125 0.7572363890625 0.5170339265624999 0.7506937984375 0.47126945937500003 0.7488678265625001 0.4426271625 0.7440956359374999 0.4321230765625 0.7391780640625 0.42515065625000004 0.72512665 0.4112794125 0.705332384375 0.3961849859375 0.6824678640624999 0.38643784375 0.6524066265624999 0.38519800000000004 0.6192494749999999 0.38842360625 0.6056984078125 0.39174812812500004 0.6011015703125 0.3957986359375 0.5951449328125 0.40428428906249997 0.59100138125 0.4153851421875 0.5897313843750001 0.42290670781250006 0.5890130515625 0.44938770781250004 0.5897443828125 0.5001061625000001 0.58777745625 0.54337231875 0.5897274640625 0.5848055390625 0.5918227984375 0.5971209140625 0.597001215625 0.604529921875 0.6051173359375001 0.6105642296875
0 0.4485252 0.5930050671875 0.45360098125 0.5968867390625 0.455662084375 0.599497609375 0.4579028 0.6082813171875 0.45998956093750004 0.6117740203124999 0.469491140625 0.6142550171875001 0.494254240625 0.6124993515625 0.51661415625 0.61343248125 0.53531798125 0.6166351328124999 0.5476802875 0.615095925 0.5550181296875001 0.6114387140625 0.581410390625 0.588920984375 0.5859045921875 0.5813431375 0.58860279375 0.563209259375 0.588461615625 0.532772990625 0.585810359375 0.509879934375 0.5859129390625 0.48782109062499995 0.5894321078125 0.446733546875 0.59164285 0.43743099687500003 0.5914760671875 0.43169907500000004 0.5833898640624999 0.418164846875 0.55187470625 0.401069303125 0.543459253125 0.39327565781249996 0.530930165625 0.38908294374999997 0.5182342953125 0.37915830625 0.4988634 0.37861414375 0.46566776093750006 0.380517 0.44120399531250004 0.3840320046875 0.43064194687499996 0.38774549375 0.42610925625 0.3940005859375 0.42502312968749995 0.39931323750000003 0.4280891828125 0.42793388749999994 0.42673369531249994 0.4495734578125 0.42705454375 0.5117687453124999 0.429137159375 0.5748155625 0.42999667031250005 0.5787708296875 0.43369982343749997 0.5866467296875 0.4359961125 0.588812353125 0.4485252 0.5930050671875
0 0.2696329796875 0.5595129359375 0.29390861875 0.5665886015625 0.3065788296875 0.5756314031249999 0.320347996875 0.579802471875 0.3866323828125 0.5808511796875 0.4206533015625 0.5731990859375 0.42664842812500003 0.5660361828125 0.4284272859375 0.558946875 0.42916276093750005 0.5501112171875 0.42804655 0.48616525 0.4317837625 0.4269871171875 0.4316169796875 0.42125519375 0.4296371109375 0.412908071875 0.42301334375 0.39846603593749996 0.41615013437500004 0.3928510015625 0.4022612453125 0.39309343281250003 0.3773698515625 0.390439925 0.3637204078125 0.38185535625 0.35419317031249997 0.3784925265625 0.3366097015625 0.379681728125 0.294357196875 0.3773312625 0.26589951875 0.380033696875 0.236877403125 0.388921959375 0.2393789640625 0.3981422578125 0.2502360875 0.4045698625 0.2535885875 0.40892275468749995 0.255739496875 0.41462004218750004 0.2575098375 0.4242942453125 0.2614952921875 0.46745650000000005 0.261474003125 0.5093652718749999 0.2591350234375 0.53984483125 0.25991330156250003 0.54953635 0.26152969062500003 0.5539195453125 0.2696329796875 0.5595129359375
0 0.20682081718749998 0.5584036203125 0.21842624531250002 0.5564364828125 0.226268690625 0.561593284375 0.23252040468750002 0.563248725 0.2443353609375 0.5599545078125 0.25113868125 0.554983203125 0.2576854171875 0.5411935578125 0.25906230468749997 0.5288175734375 0.2580743859375 0.4692807765625 0.2588610671875 0.41103642812499996 0.2559746265625 0.38858861718750004 0.2486410421875 0.383864075 0.22734159375 0.376736459375 0.18815508593750002 0.3774204625 0.1820958125 0.382378778125 0.1780976421875 0.3899479640625 0.17804638125 0.4137704765625 0.1765326828125 0.438500796875 0.176990284375 0.4627555671875 0.173659240625 0.4932524421875 0.17432636875000002 0.5161801328125 0.1737320140625 0.5298658781250001 0.17487803125 0.53513956875 0.1814504796875 0.5478179359375 0.18910905625000002 0.5551836515625 0.193389471875 0.5573146421875 0.20682081718749998 0.5584036203125
1 0.21616718692222697 0.39095841639750545 0.02313362311953817 0.01680171631477991
1 0.2969541856685857 0.40049132914156294 0.028025711599340218 0.02391478693163087
1 0.47843150620169916 0.40514009862332345 0.03887228338609496 0.020980701704283435
1 0.6505338267348126 0.4099525093387861 0.03905413981258547 0.027230701704283433
3 0.6832446898252208 0.5133405620987297 0.036733121865896834 0.02797104139585791
3 0.5060002282258805 0.49298497200011815 0.028920621865896834 0.02783467370110628
3 0.32264215894640846 0.4774259760573079 0.022443301332783515 0.019913079545304767
3 0.22839205377355895 0.46187488839432833 0.016838159012915455 0.015130122158978665
2 0.23115099241164563 0.529830001624853 0.01750574874635884 0.01123750892845372
2 0.32305734758449506 0.5454219995962581 0.023088159012915454 0.015239216314780002
2 0.5138785758768828 0.5757020146137919 0.030877926959604098 0.01459433400953163
2 0.6905463759560251 0.6031024914818787 0.032622283386094963 0.02087160754848192