0 0.576143638671875 0.61308125 0.5811284858398438 0.6206281449652777 0.5890851943359375 0.6268830703125 0.5948285185546875 0.6388468315972222 0.59610178515625 0.6490007508680555 0.5985920439453125 0.6521128220486111 0.607775845703125 0.6544123194444444 0.6695390126953125 0.6572556345486111 0.6861705053710937 0.6618366727430556 0.6990702163085938 0.6628518967013889 0.7059886889648438 0.6549872135416667 0.7136310073242188 0.6409573871527778 0.7291795327148437 0.6177503862847222 0.7375168403320312 0.5887370729166667 0.7428563134765624 0.5530792213541667 0.7435498588867188 0.5376548194444444 0.738191462890625 0.49174557118055556 0.7371056098632812 0.4630756979166667 0.7326066938476562 0.4524475147569444 0.7278713061523437 0.4453441015624999 0.714184259765625 0.43109366927083337 0.69478851953125 0.4154614861111111 0.6721858881835937 0.4050869618055556 0.6421701958007813 0.40301290711805554 0.6089447260742188 0.4053146753472222 0.5953139536132812 0.40826000954861114 0.5906146381835937 0.4121795251736111 0.5844416567382813 0.4204928203125 0.5800134438476563 0.4314695755208333 0.5785498784179688 0.4389497751736111 0.5771483579101563 0.4653894105902778 0.5765702451171875 0.5160871822916666 0.5734874448242188 0.5592637109375 0.5743671259765625 0.6007176145833334 0.576143638671875 0.61308125
0 0.4183622563476562 0.5982222821180555 0.42060161328125 0.6004499548611111 0.43301683642578126 0.6049873845486111 0.4379901401367188 0.6090069418402778 0.43998292431640623 0.6116729661458333 0.44199590966796876 0.6205118298611111 0.443991580078125 0.6240596883680555 0.45342484033203123 0.6268026675347222 0.47822209912109376 0.6257364340277778 0.5005478564453125 0.6272900520833333 0.5191605903320312 0.6310097777777778 0.5315570551757812 0.6298152847222221 0.53898598828125 0.6263649036458333 0.5659475727539063 0.6045986527777778 0.5706353447265625 0.5971518003472222 0.5738003916015625 0.5791075460069445 0.5744448784179688 0.5486919618055555 0.5723857197265625 0.5257437508680556 0.5730576215820312 0.5037055902777777 0.5776357319335937 0.46274903819444446 0.5800855893554687 0.45351543142361117 0.5800668315429688 0.4477835086805555 0.572333609375 0.43403555729166665 0.5412739086914062 0.4160782256944444 0.533063412109375 0.4080570668402778 0.5206481899414063 0.4035196371527778 0.508214208984375 0.3932502838541667 0.4888660849609375 0.3921683654513889 0.455636287109375 0.3931473828125 0.4310928154296875 0.3959798498263889 0.42043967626953127 0.39939688368055554 0.4157475756835938 0.405520984375 0.41452481103515626 0.4107991640625 0.41685074365234376 0.4394818628472222 0.4149373193359375 0.4610662795138889 0.41365267529296873 0.5232202005208334 0.41410702734375 0.5862739123263889 0.4148640615234375 0.5902498619791667 0.4183622563476562 0.5982222821180555
0 0.2456119033203125 0.5563134600694445 0.247114427734375 0.5607380217013889 0.25506969384765626 0.5665520303819445 0.2791517626953125 0.5742964435763889 0.291582857421875 0.5836839618055555 0.30523815966796874 0.5882342178819444 0.3714656123046875 0.5911237065972222 0.40566871630859375 0.5844230277777778 0.4118460268554687 0.5774324835069444 0.41380706689453123 0.5703983307291667 0.41477027197265626 0.56159025 0.41530509716796876 0.4976649644097222 0.420568095703125 0.4386385060763889 0.420549337890625 0.4329065842013889 0.4187858115234375 0.42451120225694444 0.4125377983398438 0.40989680815972224 0.4058226118164063 0.4040956267361111 0.39193372314453123 0.40395197656250004 0.36712203515625 0.4006090381944445 0.3537003203125 0.3916521762152778 0.34426417333984377 0.3880273628472222 0.32665793212890626 0.38872706944444446 0.28448513330078123 0.3852045685763889 0.25597052294921874 0.38711415885416667 0.2267320654296875 0.3951888923611111 0.2289945087890625 0.4044712378472222 0.23968083544921875 0.4111952977430555 0.24291947119140625 0.41563781597222227 0.24492235595703124 0.42139026041666666 0.2464421953125 0.43110582725694446 0.24931177490234374 0.47434392013888893 0.24820877294921875 0.5162182204861111 0.24508412744140626 0.5466081527777777 0.2456119033203125 0.5563134600694445
0 0.17469379296875 0.5599889887152778 0.17891727734375 0.5622371831597222 0.192314462890625 0.5636984539930556 0.2039654375 0.5620553489583333 0.21167124462890624 0.5674258750000001 0.21787741259765625 0.5692536727430555 0.22977207470703126 0.5662903819444445 0.23670064697265625 0.5615121180555556 0.24360036083984374 0.5479155130208333 0.24529607080078125 0.5355877907986111 0.24584532470703124 0.4760716770833333 0.2481350185546875 0.41789626996527773 0.24582928759765624 0.3953864114583333 0.238620955078125 0.39046193229166665 0.217515076171875 0.38274830121527775 0.178328568359375 0.38234300260416665 0.17214404345703124 0.38712896180555556 0.16795230322265625 0.39458094444444447 0.1672861728515625 0.41838277256944445 0.1651348330078125 0.4430510434027778 0.164966177734375 0.46729891927083334 0.16084946875 0.49767859201388887 0.16092450048828125 0.5206062821180555 0.1599771669921875 0.5342644513888889 0.1609865458984375 0.5395657178819444 0.167228787109375 0.5524164427083333 0.17469379296875 0.5599889887152778
1 0.20588237918163316 0.39708131136353325 0.022512070769822867 0.015857309176479144
1 0.28648287427818175 0.4083312609458315 0.026932168654734356 0.023715260971877247
1 0.46766078466309313 0.41801738495613056 0.03766299320588473 0.020354143138405927
1 0.6395613512980045 0.4276075551761446 0.03817115961637141 0.02643558222678344
3 0.6696873960134903 0.5320822840116206 0.03573259410358376 0.027278386784895678
3 0.493341164858756 0.5068216619962084 0.02792009410358376 0.027197583593076915
3 0.3106614811400836 0.4858356651652211 0.02154687121867238 0.01931943099972402
3 0.21636638514583598 0.4674998655527955 0.01616157378261046 0.014923601027570794
2 0.21707624389840163 0.5352132490856174 0.01663565134654854 0.01058837344928164
2 0.30893277437986166 0.5543918532561553 0.022506389295398055 0.014121198065367935
2 0.4989821286439321 0.5893424919683616 0.029827767308185704 0.01332889550214252
2 0.6743745231963654 0.6215374580292408 0.03180361820588473 0.020293540744541854