0 0.6691665636892526 0.49629921809354116 0.40973041604479227 0.3967691960534522
4 0.33563648068544705 0.4908550033815887 0.3038159970714315 0.3846044560391345
4 0.1019166737741132 0.4731386026814084 0.2038333475482264 0.2908084553628168
1 0.7658399283277199 0.34891623543917694 0.042806923916276676 0.03485680533895428
3 0.8176040636892526 0.49802644478035846 0.06708934091247087 0.03670111600890884
2 0.8062288704956041 0.6237349694461767 0.047575336958138335 0.017732940006363405
1 0.4185046719019292 0.3753578200588609 0.030179589923887917 0.03158635467059075
3 0.35600467190192925 0.37463056671704315 0.09111708992388783 0.03229542667886305
2 0.44713771338524155 0.5742225813971789 0.05248567144481875 0.023256234006999676
1 0.1874164979856526 0.4070601640276806 0.024025090418179396 0.033857379336408935
3 0.1430125819780414 0.4034169960216353 0.06871550790866539 0.03828179734245403