0 0.516001086909063 0.6801510832190855 0.5074410916587156 0.5470519781761313
0 0.3437942061157642 0.4222113511977669 0.2006221683123613 0.238360894391219
0 0.8007170065526046 0.4750286504956544 0.15285746874920142 0.26472864258219675
0 0.3757864756830558 0.28811631218818634 0.11706217306201391 0.10133120590203673
1 0.3873299198309727 0.6164460300760106 0.058685322188333444 0.0405298247398008
1 0.31299749458475723 0.3729992452503016 0.027725609707395904 0.017839275214770644
1 0.7916498246568754 0.42071296472000574 0.03811824905006951 0.02852779172311415
3 0.3490999551658337 0.4490195126631562 0.03185006525447918 0.027418993102595123
3 0.8317312704203129 0.5000629500206847 0.031704594889756875 0.021168993102595124
3 0.4401308775622576 0.7729317254625979 0.06706151985163196 0.06515801051544941
2 0.45897310296097293 0.844926234169025 0.04429551386770836 0.025730340343633175
2 0.3546972981557296 0.5218804805509805 0.0324131097073959 0.018084936680159914
2 0.8384189879352435 0.586246111486074 0.03175914627652787 0.023512743102595123