0 0.5596036569131948 0.546875 0.38786890159486126 0.284375
0 0.4446676815144796 0.47578125 0.2525295072181947 0.209375
4 0.6130520459715281 0.359375 0.05221842306201392 0.0953125
0 0.5650321200597225 0.34375 0.043569468464861136 0.059375
4 0.7480991931979865 0.3546875 0.08047005642076392 0.0671875
1 0.41817856990722263 0.5125 0.034975065254479173 0.02578125
1 0.48785529027194485 0.51875 0.030360300436840328 0.02890625
3 0.4327515226045143 0.6015625 0.03909952080156245 0.03515625
2 0.4406198804120492 0.67109375 0.02383754350298606 0.0171875
1 0.37072103523795175 0.45390625 0.02383754350298606 0.0171875
1 0.6253883918112155 0.35234375 0.007249455547083272 0.009375
3 0.6074014580156253 0.3515625 0.015080139342673604 0.01015625
2 0.6293316626127782 0.3875 0.007885235182360973 0.003125
1 0.7736258700597225 0.34375 0.007994337955902786 0.0078125
3 0.7618889362641322 0.34296875 0.014280705547083272 0.009375