0 0.5826005511627907 0.5936602671875 0.580381611627907 0.62077666875 0.5757254686046511 0.6429327546875 0.5758503511627907 0.65715233125 0.5795448174418605 0.660128521875 0.5896819697674418 0.6637660875 0.5941118918604651 0.667734340625 0.5998609604651164 0.6912131765625 0.6020587406976745 0.69518143125 0.6052629023255814 0.6974962453125 0.630540476744186 0.6998110609375 0.7092073255813954 0.69452005625 0.7642439395348837 0.6971655578125 0.7784066174418606 0.6941893671875 0.7801656372093023 0.691543865625 0.7827374302325582 0.6809618546875 0.7875499558139535 0.6693877796875001 0.7903840813953489 0.65715233125 0.7883523872093023 0.6340041828125 0.7901783813953488 0.59498301875 0.7911050604651163 0.516610003125 0.790076884883721 0.492139103125 0.7870932162790698 0.46436132499999994 0.786150946511628 0.42996979062499996 0.784480696511628 0.42236397031250006 0.7822972337209302 0.416742278125 0.7800880011627906 0.414096775 0.7694719988372093 0.40847508125000004 0.7368169465116279 0.398885134375 0.708842696511628 0.3929327546875 0.6862789790697674 0.392271378125 0.6577456988372092 0.39359412968749996 0.6381152197674419 0.397893071875 0.6194424395348838 0.4061602671875 0.5965648453488371 0.4131047109375 0.5923199395348837 0.416411590625 0.5865353953488371 0.4256708484375 0.5852409081395349 0.43195391875 0.5837631546511628 0.4594010078125 0.5838307651162791 0.48023434062500003 0.5824818709302326 0.49280047812500005 0.5825025523255815 0.5476946593750001 0.5815637837209302 0.57018143125 0.5826005511627907 0.5936602671875
4 0.25897677906976746 0.5958994703125 0.2600994523255814 0.609457671875 0.2580151011627907 0.6210317453124999 0.2583250023255814 0.6425264546875 0.25998093372093023 0.6517857140625 0.26339874883720926 0.6580687828125 0.27129516744186044 0.6626984125 0.27773498953488374 0.6636904765625 0.3129646965116279 0.662367725 0.3193930651162791 0.6646825390625 0.3374123174418605 0.674603175 0.3857582313953488 0.6765873015625 0.44843465813953487 0.684854496875 0.4773505406976744 0.6679894187500001 0.5043166593023256 0.6471560843749999 0.5379362523255814 0.63128306875 0.5466998511627907 0.621693121875 0.5542520058139535 0.608796296875 0.5588336976744186 0.5952380953125 0.5621277430232559 0.5585317453124999 0.5644640860465117 0.5178571421875 0.5657178465116279 0.45899470937500003 0.5650883418604651 0.4457671953125 0.5622152383720931 0.43386243437500005 0.5578139511627906 0.4265873015625 0.534441438372093 0.4047619046875 0.5136911476744186 0.39517195781250003 0.46636418255813955 0.3614417984375 0.45622989418604654 0.35747354531250003 0.4497957988372093 0.35582010625 0.41956363488372095 0.352843915625 0.33650122558139534 0.3501984125 0.324830161627907 0.3518518515625 0.28778702674418605 0.362103175 0.2812813430232558 0.36871693125 0.2769619848837209 0.38062169375 0.2748776337209302 0.3921957671875 0.2748879744186047 0.41964285781250005 0.2708441546511628 0.45701058124999994 0.26926903953488374 0.49570105781249996 0.26742411279069767 0.5082671953125 0.26597499534883723 0.5324074078125001 0.26218491860465115 0.5691137562499999 0.2593307476744186 0.583664021875 0.25897677906976746 0.5958994703125
4 0.25123388023255816 0.6021825390625 0.2577080651162791 0.5992063484375 0.2607443906976744 0.5922619046875 0.26414327325581394 0.572089946875 0.26527565116279067 0.5558862437500001 0.2687060325581395 0.5320767203125001 0.269810888372093 0.490410053125 0.2706377011627907 0.4667413015625 0.2732407465116279 0.4432325640625 0.27488538953488373 0.4195639015625 0.23991773604651162 0.41964285781250005 0.23422482558139535 0.41832010625000005 0.2116181558139535 0.42261904687499996 0.20564572906976744 0.4249338625 0.19964180465116277 0.43088624375 0.1945898534883721 0.44146825468750006 0.194137411627907 0.49371693125 0.1954995104651163 0.5082671953125 0.19626137674418606 0.5634920640625001 0.1981710511627907 0.572089946875 0.2085104011627907 0.58101851875 0.21830503953488373 0.5955687828125 0.22472768023255815 0.5985449734375 0.23636151860465116 0.6011904765625 0.25123388023255816 0.6021825390625
0 0.057255546511627904 0.551784925 0.06496698255813954 0.551540528125 0.0712292465116279 0.5498409640624999 0.07467912906976744 0.5489911765625 0.07550594651162791 0.541852996875 0.07736895697674417 0.5328452984375 0.08531815813953489 0.5277465984374999 0.09255240465116278 0.5168693656250001 0.10100278488372094 0.5127904062499999 0.11514508023255815 0.5139801078125 0.11385496046511628 0.48627716562499995 0.10522219767441861 0.48300185625000003 0.09191209534883722 0.47302054531250004 0.051973237209302324 0.474403971875 0.029395201162790697 0.4753960359375 0.020107287209302323 0.48048356718749996 0.013088848837209304 0.4811633921875 0.010012638372093022 0.48303291875000004 0.009818917441860465 0.49068096875 0.010387246511627908 0.49866893437500004 0.009584913953488372 0.5177040796875 0.014794784883720932 0.5197435593749999 0.021855356976744185 0.5289212187500001 0.024785868604651165 0.543877403125 0.023195517441860464 0.5508456374999999 0.029683344186046512 0.55254519375 0.057255546511627904 0.551784925
3 0.04027538400960918 0.51875 0.014582239752490466 0.00546875
1 0.04400053626043357 0.49140625 0.009958137551255774 0.00859375
2 0.04124875058104268 0.540625 0.008761521116752623 0.0046875
1 0.4062440716474608 0.4203125 0.0474786366556616 0.04453125
3 0.3254504136011859 0.41796875 0.06490696682604631 0.04296875
2 0.4279709622962903 0.596875 0.042016063505691155 0.01796875
1 0.6830288485781668 0.415625 0.035113735940667856 0.0265625
3 0.7146533977765774 0.5234375 0.0473568640030783 0.03046875
2 0.7518821808950221 0.65546875 0.04785707758352638 0.02109375