0 0.41283207343750006 0.4241207046875 0.3875983890625 0.43066766718749994 0.370566559375 0.4373548203125 0.33463353281249997 0.44348862968749997 0.3058182546875 0.4527676859375 0.280261846875 0.4626330703125 0.2412952484375 0.47247949218749996 0.22943709218750002 0.4783840421875 0.2001431140625 0.48800533125 0.1878062546875 0.494252115625 0.1794203203125 0.50007585 0.1764387421875 0.5047805249999999 0.1740517921875 0.5160931828125 0.1718966984375 0.541306275 0.1695964015625 0.554272371875 0.169014884375 0.5668673734375 0.1655784921875 0.581846459375 0.16535436406249998 0.5917844125 0.16666493437500002 0.6073151953125 0.16421638593750001 0.6411434890625001 0.1660229890625 0.6566627265625 0.1669611796875 0.7029936593749999 0.1668009875 0.718889765625 0.16461661562500002 0.7388060796875 0.16401238437500001 0.7557057953124999 0.16598385468750002 0.8122765046874999 0.167871721875 0.8340845828125 0.1730531203125 0.85714036875 0.1765026234375 0.861364265625 0.1831590046875 0.8651824328125001 0.2209560125 0.8709245203125 0.23705432656249997 0.8748540140625 0.3073706890625 0.885136665625 0.345046384375 0.8885639390625 0.3878903640625 0.8958440140624999 0.4002911578125 0.8955553828125 0.40987712343749994 0.8936768109375001 0.4502158890625 0.8768455390625001 0.47806837656249995 0.872886353125 0.4866102875 0.8700388078125 0.49965653125 0.8631133296875 0.50579838125 0.8523754578125 0.5120561578125 0.8485878031249999 0.5186366578125 0.8414817250000001 0.5279626656249999 0.8346428343750001 0.533925821875 0.8252334875 0.5386889453125 0.8118789765625 0.5431412875 0.8068089796875 0.558673078125 0.795190371875 0.5889352328124999 0.7756138140625 0.5953197109375 0.769505571875 0.6242897953125001 0.7489658125 0.634682575 0.7387911828125 0.6476248359375 0.7298815765625 0.6720158765625001 0.716732403125 0.683499315625 0.7131542109375 0.69734815625 0.7168049703125 0.709840990625 0.7135343749999999 0.7144546953125 0.706805165625 0.7202272140625 0.6937582515625 0.723911621875 0.6787733921875 0.7300761875 0.66373080625 0.7381155109375 0.6512933140625 0.7458840999999999 0.643166309375 0.7506938296875 0.6354392640625 0.7617440046875 0.6235938765625 0.7717447359375 0.6154149171875 0.7769118515625 0.6050308234374999 0.7799215359375 0.5913860343749999 0.7793723421875 0.5761686203124999 0.7805192125 0.5648848265625 0.78048338125 0.54998655625 0.7705569046875 0.4790329890625 0.7611480046875 0.389526265625 0.75871866875 0.37633916093750003 0.7538145625 0.3585743796875 0.75110910625 0.354333165625 0.741476534375 0.3505842703125 0.727074284375 0.350588396875 0.7160402718750001 0.3485275765625 0.6753710546875 0.3448388859375 0.6517348375 0.34869993906249996 0.609537478125 0.349019909375 0.5892694984375 0.3508160171875 0.56679865 0.35796085624999996 0.538058084375 0.363927259375 0.5142551156249999 0.374082925 0.4881734 0.3786630765625 0.461947653125 0.3852331296875 0.4493454484375 0.3911550015625 0.446329209375 0.3951982984375 0.4423848421875 0.40522284218750004 0.435112284375 0.4133383015625 0.41283207343750006 0.4241207046875
1 0.27393206071784826 0.5403840381846525 0.060804703188503326 0.04355128466927081
3 0.3392715349372507 0.7125123049021524 0.07601362336031983 0.06575359298989589
2 0.35820964269373834 0.7902918127859373 0.053899605947465276 0.030905814304548685
0 0.7791106453125 0.55153676875 0.9165709124999999 0.5519651171875 0.94426595625 0.5005317078125 0.94753855 0.44180655 0.950631221875 0.370993028125 0.9386154124999999 0.2975080328125 0.9041945171875 0.2898443796875 0.8591855562499999 0.28786882343750003 0.8297914593750001 0.29822705312500003 0.7860701625 0.3294760859375 0.7676655890624999 0.3504618484375 0.7662844046874999 0.43531037968749997 0.7791106453125 0.55153676875
0 0.753186553125 0.355920553125 0.758476978125 0.3733092859375 0.7667737484375 0.37535098125 0.7652166328125001 0.3537832234375 0.7836165187499999 0.3326591171875 0.8289702 0.297906425 0.8595997609375001 0.2860496 0.9001105718750001 0.2880253484375 0.922899690625 0.28988290625 0.9201806703125 0.283578240625 0.8272706671875 0.25788095625 0.784711840625 0.258606184375 0.76569570625 0.26037545 0.753605715625 0.2651674859375 0.7519584484374999 0.31349611875 0.753186553125 0.355920553125
0 0.27334011875 0.45848999062500007 0.27746434999999997 0.46137381875 0.2895651359375 0.46009889531250003 0.299969859375 0.45489035468749994 0.3155363109375 0.4439331234375 0.364470146875 0.43948326406250005 0.37775902031249997 0.43718741406249995 0.395534896875 0.43048294374999996 0.419511171875 0.42363415625 0.429189178125 0.41877362187499995 0.43874587031249995 0.411598271875 0.450406834375 0.3924546625 0.455816578125 0.3867001984375 0.46228770937499997 0.38224539375 0.4843199046875 0.3714687625 0.48903759375 0.36672368125 0.49357003437499997 0.353705628125 0.49581178125 0.3301459765625 0.49531458125 0.3159206265625 0.49378526875000006 0.30569239531250003 0.4909292234375 0.2938395859375 0.48797575000000004 0.28960414375 0.481780740625 0.28511305625 0.47244817968749997 0.28235045468750003 0.4416248875 0.2817435109375 0.416419309375 0.27935035625000004 0.40631998124999996 0.280909784375 0.3956325796875 0.285462721875 0.36234326875 0.28716670781250003 0.36164755937500004 0.29589207968750003 0.327564378125 0.29822228906250003 0.32690889218749997 0.3077151796875 0.289197409375 0.3178144078125 0.26585985 0.325234340625 0.2659954453125 0.360989034375 0.26518324375 0.3739204953125 0.26876834375 0.41389908750000004 0.269134625 0.4493173203125 0.27334011875 0.45848999062500007
1 0.33055611770611026 0.3372577317638886 0.021295145861557074 0.01922277868534721
3 0.36857177408311687 0.4208508285535066 0.034163638059640886 0.026544969414791807
1 0.8348684814554919 0.34820361740374933 0.02840828301668665 0.02094893284565975
3 0.8798335006773685 0.4300705600330549 0.04024986374938137 0.02356543977951393
2 0.8893523428300238 0.5221489572595132 0.03202792797373277 0.015571101823611145