0 0.44483054375000003 0.42543628437500003 0.433419890625 0.42464072656249996 0.42497580625 0.42231299843750003 0.41796979843750004 0.4114480234375 0.4105100828125 0.40783796875 0.405793934375 0.40698458281249994 0.38942488750000004 0.40631759531249995 0.358442140625 0.40836123906250005 0.34311710156249997 0.41666324687499995 0.3362207546875 0.424647478125 0.327828615625 0.43124832343749997 0.32466405 0.44136826874999996 0.3207150359375 0.444513453125 0.30586678906250003 0.44952879375 0.300685390625 0.45394620156250004 0.296753690625 0.46006757499999995 0.294069765625 0.46756223124999996 0.28782913125 0.5030137625 0.2904478109375 0.526924346875 0.2915899375 0.5527584203125 0.28951747656250004 0.5801145578125 0.2891503453125 0.60225043125 0.2895869015625 0.63466794375 0.291953715625 0.6579070453125 0.2964410890625 0.6620572046875 0.3068712234375 0.6647964671875 0.35973323437500004 0.6729013968750001 0.3942901671875 0.688525690625 0.400994290625 0.6901213 0.4200915125 0.6908994515625 0.43495515156250003 0.6885296140625 0.4508223953125 0.688184328125 0.46148707812499995 0.6886188796875 0.48531584062500005 0.692895921875 0.5001717828125 0.68920333125 0.5174751765625001 0.679990109375 0.5256192984375 0.6733791578125 0.5330386125000001 0.6700447671875 0.5617738234375 0.6652646671875 0.5768700859375 0.660259434375 0.5964056234374999 0.6511371609375 0.6125093406250001 0.648817853125 0.624631334375 0.6440220359375 0.6472084765624999 0.646264421875 0.6772145484375 0.64682585625 0.688117628125 0.645617075 0.700243471875 0.6414826328125 0.70518455 0.6383778718750001 0.708877853125 0.63389983125 0.7152396921874999 0.61928163125 0.7209075015625 0.6132309984375001 0.74045843125 0.6067542296874999 0.7735867437499999 0.589920584375 0.7755554796874999 0.5873559296875001 0.778473953125 0.577556565625 0.7805367953125 0.5485469890625 0.7775392765625 0.5021395281250001 0.7776410765625 0.477017359375 0.7760106140625 0.45248582343750005 0.7758413125 0.4233852953125 0.7742974234375 0.41373471406249995 0.772788165625 0.4100365109375 0.7615658875 0.3989997375 0.723586753125 0.3918318453125 0.7094248390625 0.38695686875 0.69677218125 0.38578009375 0.68513275 0.3882813078125 0.62340565625 0.39072526406249997 0.583015621875 0.395361075 0.54661115625 0.403134771875 0.5310169390625 0.40778910625 0.5107373546875 0.4168810609375 0.4938761234375 0.4168552359375 0.4819925234375 0.4200077203125 0.4730697234375 0.420635971875 0.45917698749999997 0.41940866874999994 0.45472424531250005 0.42121088906250004 0.45324769375 0.42313438124999997 0.44483054375000003 0.42543628437500003
1 0.3448646107489474 0.47409932216657175 0.03764090056573401 0.02574675790866543
3 0.36727139675510506 0.5663969101132933 0.029828400565734013 0.025428422927693362
2 0.3802986375817229 0.6575312460828483 0.027416472872636887 0.013614172433401706
2 0.7469720114128774 0.44986857368662747 0.029810219847574794 0.022303422927693363
0 0.7493553937499999 0.3885839140625 0.7937694734375 0.39369974375 0.8093944734375 0.3943364125 0.8143470953125 0.3932157796875 0.8232429609375 0.3879578984375 0.8276706921875 0.38185673593749997 0.8301027546874999 0.37369059843749997 0.8272089593749999 0.30249165625 0.8240827078124999 0.27657673437499997 0.8223177359375 0.271545675 0.8138236328125 0.260620065625 0.7983831609375 0.24908080312499997 0.7757656203125001 0.239893971875 0.7511831890625 0.2339331734375 0.7439888046875 0.23330941562500002 0.7100394890625 0.236885228125 0.6984173734375 0.242362634375 0.6959603015625 0.246229828125 0.692363190625 0.2672422625 0.6924632328125 0.2844380296875 0.697623634375 0.31903168125 0.6981966234375 0.3322794046875 0.7015035562499999 0.34663035937500003 0.7062793453125 0.3577350703125 0.7125201437500001 0.36493216093749997 0.72421344375 0.3716902046875 0.7384138359375 0.3831789390625 0.7493553937499999 0.3885839140625
0 0.8117066156250001 0.2672533171875 0.8345089921875 0.2786546203125 0.839469309375 0.2788567375 0.8510108359374999 0.2800604 0.8578904046875 0.2803407203125 0.8585520499999999 0.2627104421875 0.8582625593750001 0.2273862125 0.8586104515624999 0.2019434609375 0.8568377859374999 0.19558965156250002 0.8503528203125 0.1890438296875 0.8334935124999999 0.18934869375000002 0.8096551296875001 0.1834182125 0.7865781109375 0.1804942390625 0.7535881515625 0.178488784375 0.72755225625 0.1784197296875 0.7091913859375001 0.17634914375 0.6985363234374999 0.17756802968750002 0.6871275921875 0.177103159375 0.6729791453125 0.1745429984375 0.6598343046874999 0.1740073875 0.6542145890625 0.188325215625 0.6546376781250001 0.21842791562500002 0.6510501890625 0.24109378750000002 0.655343415625 0.2544931015625 0.6603518296875001 0.2629624140625 0.67449258125 0.264199825 0.68316159375 0.262569403125 0.6885852375 0.2571700390625 0.6934974578124999 0.2491049609375 0.6976925640625 0.24563919374999998 0.7162438578125 0.234500709375 0.7743577625 0.2402642875 0.8117066156250001 0.2672533171875
1 0.788168662273199 0.2812750825838761 0.014911927693097127 0.01232358646384668
1 0.8345845991396782 0.20427884246970787 0.014112496974937726 0.009166752965749491
3 0.8032942134046672 0.3303174190477228 0.017255677693097125 0.012419086958138337
3 0.8480612918598901 0.23841376193736022 0.011773292154477843 0.009852502471457924
2 0.8513817345801019 0.27213484592974896 0.010197156615858205 0.007445085475263546
2 0.8090220386384364 0.3750715035344032 0.019585792154477845 0.010170837452429905