0 0.6890625 0.54609375 0.21484375 0.3078125
4 0.41640625 0.5171875 0.30625 0.334375
4 0.23828125 0.51015625 0.08046875 0.18359375
0 0.0671875 0.5125 0.10546875 0.0796875
3 0.04453125 0.51875 0.01484375 0.00546875
1 0.0484375 0.49140625 0.01015625 0.00859375
2 0.04609375 0.540625 0.00859375 0.0046875
1 0.41015625 0.4203125 0.04765625 0.04453125
3 0.32890625 0.41796875 0.0640625 0.04296875
2 0.4328125 0.596875 0.0421875 0.01796875
1 0.68671875 0.415625 0.034375 0.0265625
3 0.71953125 0.5234375 0.04765625 0.03046875
2 0.75703125 0.65546875 0.04765625 0.02109375