0 0.484375 0.3108465609375 0.4704861109375 0.3230820109375 0.4481646828125 0.32771164062499997 0.44469246093750003 0.33101851875 0.44866071406249997 0.3379629625 0.4518849203125 0.35615079375 0.45238095312500004 0.3948412703125 0.4541170640625 0.42890211562499997 0.45634920625 0.4451058203125 0.45758928593750003 0.5221560843749999 0.45907738125 0.541335978125 0.4583333328125 0.609457671875 0.46502976250000005 0.6455026453125 0.471230159375 0.6498015875 0.49032738125 0.6541005296875 0.493799603125 0.653769840625 0.5066964281249999 0.6455026453125 0.513144840625 0.6395502640624999 0.5210813484375 0.6362433859375 0.5272817453124999 0.6319444437499999 0.5329861109375 0.6299603171875 0.544146825 0.6289682546875001 0.5491071421875 0.6316137562499999 0.5518353171875 0.6352513234375 0.5587797625 0.6471560843749999 0.5639880953125 0.6603835984375 0.5677083328125 0.666335978125 0.5716765875 0.66931216875 0.578373015625 0.6706349203124999 0.58779761875 0.6703042328125 0.61259920625 0.6630290999999999 0.63467261875 0.659060846875 0.65575396875 0.6451719578125 0.665674603125 0.64417989375 0.686755953125 0.64384920625 0.7018849203124999 0.6451719578125 0.721230159375 0.6524470906250001 0.73387896875 0.653108465625 0.744295634375 0.6554232796874999 0.7485119046875 0.6574074078125001 0.7576884921875 0.6650132281250001 0.7601686515625 0.665674603125 0.7765376984375 0.659060846875 0.8013392859374999 0.639880953125 0.810019840625 0.6369047625 0.8244047625 0.634920634375 0.831101190625 0.6322751328125 0.8348214281249999 0.6292989421875 0.83779761875 0.6246693125 0.8397817453125 0.6183862437500001 0.841269840625 0.5985449734375 0.8390376984374999 0.5697751328125 0.8397817453125 0.503306878125 0.8382936515624999 0.4328703703125 0.8417658734375 0.390542328125 0.8395337296875001 0.36937830625 0.8382936515624999 0.33101851875 0.8370535718750001 0.328042328125 0.8244047625 0.31580687812499997 0.810019840625 0.3101851859375 0.70907738125 0.30555555624999997 0.684523809375 0.29794973593749996 0.66220238125 0.29497354531250003 0.646329365625 0.291335978125 0.6113591265625 0.2876984125 0.5949900796875001 0.2876984125 0.534226190625 0.296626984375 0.4950396828125 0.3048941796875 0.484375 0.3108465609375
4 0.1951884921875 0.30423280468749997 0.18774801562500001 0.3138227515625 0.184771825 0.3230820109375 0.1793154765625 0.35482804218749997 0.174603175 0.36904761875 0.17361111093749998 0.3875661375 0.1758432546875 0.4477513234375 0.174603175 0.49305555625 0.16865079375 0.51917989375 0.1676587296875 0.5486111109375 0.16865079375 0.5710978843750001 0.17286706406250002 0.6177248671875 0.1738591265625 0.622354496875 0.178075396875 0.6319444437499999 0.18030753906250002 0.646494709375 0.18650793593749998 0.65575396875 0.1897321421875 0.6580687828125 0.20560515937499999 0.659722221875 0.2296626984375 0.6699735453125 0.25347222187499996 0.66931216875 0.27802579375 0.666005290625 0.3263888890625 0.6703042328125 0.39112103125000003 0.666335978125 0.403521825 0.672619046875 0.4154265875 0.6769179890625 0.421626984375 0.6769179890625 0.430803571875 0.6732804234375 0.43328372968749995 0.66898148125 0.4365079359375 0.6574074078125001 0.44171627031250005 0.6521164015625 0.45659722187499996 0.6455026453125 0.4610615078125 0.6326058203125 0.46155753906249997 0.578042328125 0.46006944375 0.528439153125 0.459821428125 0.477843915625 0.4585813484375 0.45866402187500005 0.4580853171875 0.3700396828125 0.455853175 0.3544973546875 0.4516369046875 0.340939153125 0.44717261875 0.3359788359375 0.431299603125 0.3234126984375 0.4203869046875 0.3108465609375 0.406001984375 0.3015873015625 0.39409722187499996 0.29794973593749996 0.3082837296875 0.2946428578125 0.2264384921875 0.29431216875 0.215277778125 0.29497354531250003 0.202876984375 0.2986111109375 0.1951884921875 0.30423280468749997
4 0 0.4169973546875 0.0052083328125 0.47585978906250004 0.00595238125 0.559523809375 0.0049603171875 0.572089946875 0.006944443749999999 0.5955687828125 0.01240079375 0.6028439156250001 0.018353175 0.60582010625 0.030505953125000002 0.608796296875 0.062003968750000006 0.6130952375 0.0709325390625 0.6114417984375 0.0801091265625 0.6051587296875 0.08630952343750001 0.6028439156250001 0.14781746093749998 0.6147486765625 0.1540178578125 0.6144179890625 0.1639384921875 0.609457671875 0.1669146828125 0.6041666671875 0.169146825 0.59391534375 0.1696428578125 0.5697751328125 0.16840277812499999 0.5171957671875 0.1733630953125 0.4917328046875 0.1738591265625 0.465608465625 0.1755952375 0.44609788437500003 0.174851190625 0.38062169375 0.1800595234375 0.3571428578125 0.1795634921875 0.3521825390625 0.17534722187500001 0.3455687828125 0.1636904765625 0.3419312171875 0.137648809375 0.3429232796875 0.0987103171875 0.34027777812500004 0.075148809375 0.346230159375 0.069196428125 0.340939153125 0.0580357140625 0.339947090625 0.014384920312499999 0.340939153125 0 0.3452380953125 0 0.4169973546875
1 0.740625 0.33671875 0.0390625 0.03828125
3 0.7984375 0.484375 0.065625 0.0390625
2 0.7921875 0.609375 0.04765625 0.01796875
1 0.39296875 0.36640625 0.03828125 0.0359375
3 0.32734375 0.36796875 0.08984375 0.03984375
2 0.43359375 0.565625 0.04765625 0.02421875
1 0.16484375 0.403125 0.025 0.03515625
3 0.1203125 0.40234375 0.06484375 0.034375