0 0.48744759843749996 0.5600419484375 0.49027365625 0.6281333234375001 0.4988591234375 0.66445115625 0.5052848171875 0.6690027453125 0.5246073375 0.6740798390625 0.528062228125 0.6738906328125001 0.5405257890625 0.6661489421875 0.54666225 0.6604593140625 0.5544254515625 0.6574758234375 0.56040055 0.653429528125 0.5660009328125 0.6516778375000001 0.5771096546875001 0.6511405390625 0.5822086171875 0.6539881578125 0.5851274281250001 0.6577368890625 0.5926957749999999 0.669924615625 0.5985973328124999 0.6833643515625 0.602629521875 0.6894683203125 0.6067537515625 0.6926062046875 0.613519503125 0.6942018140624999 0.622926775 0.69425515 0.6473470890625 0.6879906046875 0.669212534375 0.6849217750000001 0.6895659984375 0.671891884375 0.699434640625 0.6713040546875 0.7204986609375 0.6718323671875 0.73569695 0.6737715765625001 0.7554234625 0.6818349671874999 0.7681069328125 0.6830117421875 0.7786449125 0.685751003125 0.7829651671875 0.68790693125 0.792540359375 0.6958866687499999 0.7950551796875 0.6966491015625 0.8110776140624999 0.6907023328124999 0.8348740250000001 0.6725330265625 0.8433986046875 0.6699105421875 0.8576795421875 0.6685125546874999 0.8642373265625001 0.6661399109375 0.8678015875 0.6633153093749999 0.87053515 0.65880695 0.8721899953125 0.652604728125 0.872638253125 0.6328240921875 0.8688983484374999 0.6039632984375001 0.866158940625 0.5375253625 0.8609794265625 0.46702821875 0.8622333296875 0.424841659375 0.8588920265625 0.403586684375 0.8556415968750001 0.3651763671875 0.8542455421874999 0.362149646875 0.8409555 0.3493987984375 0.8262759578125 0.343190965625 0.72509086875 0.3344482453125 0.70013869375 0.32584194375000003 0.6776612890625 0.321956225 0.6615976375 0.31767188125 0.6264367609375 0.3126093875 0.6100677140624999 0.3119424 0.5497717515625 0.3183950328125 0.511018509375 0.3250655015625 0.500665778125 0.3305833296875 0.48741812187500005 0.34225285156249996 0.465339321875 0.34597295156249996 0.46204040625 0.3491383484375 0.46637260312500006 0.3562444859375 0.4705499921875 0.37456369375 0.4730737078125 0.41327438125000004 0.476594871875 0.44740596874999994 0.4796762140625 0.463700625 0.4849543265625 0.54080141875 0.48744759843749996 0.5600419484375
4 0.198580765625 0.577969878125 0.205240653125 0.6247686609375 0.20647534374999998 0.6294387140625 0.2111942015625 0.639200459375 0.21418889062500002 0.6538416781249999 0.2208745453125 0.663353584375 0.22422006562500002 0.665799775 0.24017973593750003 0.668099990625 0.26477452343749996 0.6793315828125001 0.2885493859375 0.6796403703125 0.3129296515625 0.6773339734375 0.3615180453125 0.6836035609375 0.42604222031249994 0.6822729390625 0.43877229531250006 0.6890613015625 0.45090235625 0.6938453250000001 0.45710275312500004 0.694097971875 0.46608870312499995 0.6908343234375 0.46834356406250005 0.686636440625 0.4709611984375 0.67519374375 0.4758922421875 0.6701149609375 0.4904265828125 0.6641075562500001 0.4942149734375 0.6513926375 0.49185145312499995 0.59684935625 0.487763765625 0.547185546875 0.4848641671875 0.496580203125 0.4826189109375 0.4773497796875 0.477478275 0.3887052296875 0.47443159375 0.37307194843749997 0.46950476874999997 0.359341946875 0.46478052343750004 0.3541997234375 0.44824894375 0.3409868109375 0.4366776828125 0.3279760140625 0.42180750468749995 0.3181306140625 0.40971210625000004 0.3140079671875 0.32372530781250003 0.3072044578125 0.24186273906250003 0.3035388296875 0.23073668593750002 0.3037454421875 0.2185265296875 0.3068777140625 0.21113265781249999 0.3121861265625 0.20419476875 0.32147289687499997 0.2017038359375 0.3306108859375 0.1979112265625 0.3621345875 0.193944140625 0.376162153125 0.19392259218750002 0.3946402484375 0.1993089078125 0.45491638749999996 0.20044312187500002 0.500170090625 0.195859859375 0.5260518875 0.1964102203125 0.55544268125 0.198580765625 0.577969878125
4 0.1118241515625 0.6084229265625 0.11790323437500001 0.606360759375 0.1800350734375 0.6207717765625 0.186218140625 0.6206937359375 0.195878815625 0.616137653125 0.19857771562499998 0.61096791875 0.20027260937500002 0.6008075484375001 0.19950350781249998 0.57668755 0.19550785937499998 0.5240576546875 0.1991337203125 0.49879680937500004 0.1982606328125 0.47269268281250004 0.1989742375 0.4532528421875 0.19479872812500001 0.387746334375 0.1987765875 0.364479721875 0.198020596875 0.359499190625 0.1934577140625 0.35271363437500003 0.1816103328125 0.34860109375000004 0.15562065625 0.3485320390625 0.1165435203125 0.344299915625 0.09329396250000001 0.3492922390625 0.0870642921875 0.3437586921875 0.0758515859375 0.34231186406249997 0.032252784374999996 0.34152529375 0.018093162500000003 0.3452380953125 0.021853904687500002 0.4169973546875 0.030147087500000003 0.4760720125 0.03527578125 0.5597663500000001 0.03494228125 0.5722920640625 0.03815688125 0.595851746875 0.043994504687500005 0.6033492093749999 0.05010286093750001 0.606567940625 0.06241161562500001 0.61003931875 0.09413492812499999 0.61562170625 0.1029768453125 0.614332078125 0.1118241515625 0.6084229265625
1 0.7582716819304615 0.36689690619614157 0.041068735300678935 0.03987292490485981
3 0.8238225180902232 0.516908835055334 0.06767217887824373 0.04173651384016441
2 0.8241234905006032 0.6416541670705564 0.04859795228399193 0.0199105933839288
1 0.41217128787792684 0.3824184995428895 0.040164654567984216 0.03749734140676253
3 0.34662817503305654 0.38130698570272503 0.0919318724558087 0.04350460228117745
2 0.46323690015697017 0.5832925914439436 0.04892550090451113 0.026160593383928975
1 0.185970636023476 0.4098418680985083 0.026842460990419426 0.036174921939110226
3 0.1413984424459111 0.4072461087069682 0.06664526741285455 0.037017180342067135