0 0.5920250073242187 0.5385837024739584 0.5914772021484375 0.5610820182291667 0.5929221826171875 0.5845416145833333 0.5911747016601563 0.6116888001302083 0.5869037729492188 0.6339141471354167 0.5872758833007813 0.6481298763020833 0.5910220952148437 0.65104834765625 0.6012224912109375 0.654528150390625 0.6057214077148437 0.6584271419270834 0.611878689453125 0.6818136282552083 0.6141454633789063 0.6857472513020834 0.61738987109375 0.6880120436197917 0.6427076918945313 0.6899343717447918 0.721282548828125 0.6834235820312501 0.77636516015625 0.6852148502604166 0.7904760913085938 0.6820193300781251 0.7921891147460938 0.6793468919270834 0.794576923828125 0.6687264023437499 0.7991882182617187 0.6570792180989583 0.80180961328125 0.6448014414062501 0.7993754560546875 0.6216879244791667 0.80052301171875 0.5826436725260417 0.8000870629882813 0.5042668092447916 0.7986334252929688 0.47981514908854167 0.7951668012695312 0.45208739453125 0.7936265859375 0.41771509960937503 0.7918240981445313 0.41013621419270835 0.7895428950195312 0.4045491529947917 0.7872876645507813 0.40193828125000003 0.7765739208984375 0.3964820475260417 0.7437521337890625 0.38740002343749996 0.7156743940429687 0.3818824557291667 0.693099177734375 0.38157123893229167 0.6645888955078125 0.38333649869791664 0.6450331586914062 0.38793942513020835 0.6265041166992188 0.396495212890625 0.6037472602539062 0.40379366471354167 0.5995598500976562 0.40716595703125 0.593936291015625 0.4165137180989584 0.5927510439453125 0.42281602669270835 0.5917504965820313 0.45028235546875 0.5921803256835938 0.4711118411458333 0.5910499116210938 0.4836972180989583 0.5920250073242187 0.5385837024739584
4 0.27207977392578125 0.5649695670572917 0.2694785795898437 0.5795621588541667 0.26933734326171876 0.5918014557291666 0.2706957456054688 0.6053404173177083 0.2688126259765625 0.6169452747395833 0.26949624267578126 0.6384322884114583 0.27131316015625 0.6476646119791667 0.27484021484375 0.653893810546875 0.28281712548828125 0.6584003072916667 0.2892741962890625 0.6592923248697916 0.3244809067382812 0.6574231712239583 0.3309495205078125 0.65963794140625 0.34914125732421875 0.6692776790364583 0.39752166796875 0.6705114654947916 0.46034183203125 0.6778051419270833 0.48896449072265624 0.6604937063802083 0.5155683920898437 0.6392447994791667 0.5489120102539062 0.6228523170572916 0.5575088745117187 0.613127693359375 0.5648367993164063 0.6001154309895833 0.56918276171875 0.5864879674479166 0.5718386147460938 0.5497354440104166 0.5734677724609375 0.5090300572916667 0.5736981254882813 0.45015607942708336 0.572838640625 0.4369401106770833 0.5697585571289062 0.42508152278645833 0.56523078125 0.4178756529947916 0.5414788022460938 0.39641580729166664 0.5205617768554688 0.3871490833333333 0.47264836474609373 0.35415772200520834 0.4624450830078125 0.3503472317708333 0.455982240234375 0.3487938385416667 0.4256983310546875 0.346287091796875 0.34258992578125 0.3449306360677083 0.33094760888671876 0.34676492578125 0.2940827080078125 0.3575895865885417 0.2876920141601563 0.36430338802083334 0.2835796372070313 0.37627356510416665 0.281696517578125 0.387878421875 0.2821840654296875 0.4153216640625 0.2787899370117187 0.452747107421875 0.2778875107421875 0.4914568229166667 0.27626106494140623 0.504049896484375 0.275231658203125 0.5282093470052084 0.27207977392578125 0.5649695670572917
4 0.235134240234375 0.59497796875 0.24681407373046876 0.5974426197916667 0.26170368359375 0.5982038098958333 0.268126123046875 0.5951275735677083 0.27104170947265627 0.588136955078125 0.2740898740234375 0.567914974609375 0.27494052734375 0.5516958789062499 0.277956947265625 0.52783633203125 0.27833736767578127 0.48615812174479167 0.2787526650390625 0.4624797220052083 0.280946978515625 0.43893375781250005 0.28218010791015624 0.4152427591145833 0.24721382763671876 0.4158642180989583 0.24149791845703125 0.41462996874999997 0.2189659912109375 0.41927906901041667 0.21303381201171875 0.42168623372395836 0.20713337744140625 0.42773096419270834 0.2022654091796875 0.43838993294270834 0.2027213857421875 0.49063861002604164 0.20433646142578124 0.5051657877604167 0.20605849072265625 0.560371416015625 0.20811765185546874 0.5689385162760416 0.21861223828125 0.5777054752604166 0.2286598544921875 0.59210182421875 0.235134240234375 0.59497796875
0 0.0327727548828125 0.5504117604166666 0.0392901318359375 0.5520104309895834 0.06684911572265625 0.55082248828125 0.07455630224609375 0.5504584830729167 0.08078901708984375 0.548661990234375 0.08422412451171875 0.5477587942708334 0.0849268349609375 0.5406087454427083 0.086633232421875 0.5315733528645833 0.09449378662109376 0.5263520078125 0.10153891796875 0.515364 0.10991837890625 0.5111544817708333 0.12408135888671876 0.5121246100260416 0.122309583984375 0.4844454049479167 0.113619875 0.4813044700520834 0.10013623291015625 0.4715310032552083 0.06022142822265625 0.47353388541666663 0.0376606416015625 0.4748761080729167 0.0284611806640625 0.480107056640625 0.02145456103515625 0.48089567838541664 0.01841085546875 0.4828126796875 0.01835010693359375 0.49046270833333333 0.01905731884765625 0.4984407838541667 0.01858593896484375 0.5174858190104167 0.02383126953125 0.5194441953125 0.03105140869140625 0.5285110794270833 0.03424195361328125 0.5434197884114583 0.0327727548828125 0.5504117604166666
3 0.049450163386162344 0.5181832572140913 0.014199927917130664 0.004776982780340777
1 0.05262950213337838 0.4907864783245837 0.009839486667528374 0.00861505277954544
2 0.051108183805082696 0.5402959472138261 0.008823152500397696 0.004042610001590822
1 0.4138209250427537 0.41355840825909435 0.04774963458784076 0.04500566223079513
3 0.33274919254255486 0.41286282549598763 0.0643398337543748 0.043961147789355635
2 0.4383155571441165 0.5902856904771627 0.0421512741685226 0.01888066445204502
1 0.690148340875623 0.4047133520979602 0.03489523541931794 0.02657953111738613
3 0.723806341303293 0.5122787065364832 0.0471420383364487 0.03132621167515115
2 0.7630456571500821 0.6438492715295897 0.04754509458545453 0.02156816223079498