0 0.446477646875 0.5172767515625 0.4441480484375 0.5854374390625 0.450005521875 0.62113146875 0.45610585937500003 0.6251054609375 0.47510302187500003 0.6284035609374999 0.47858294062500006 0.6278908999999999 0.4916721875 0.6189478109375 0.49825914375 0.6126574828125 0.50627261875 0.6089346703125 0.5125730749999999 0.604310778125 0.518323621875 0.6020276984375 0.5295074265624999 0.600450728125 0.53440616875 0.6028362703125001 0.537049678125 0.6063308593750001 0.5437170375 0.617871678125 0.548617496875 0.630826234375 0.552199190625 0.6365836453125 0.5560981734375 0.63935186875 0.5627638140625 0.640323675 0.5721961140625 0.639499065625 0.5971670328124999 0.6309241359375 0.6193328078125 0.6257990640625 0.640737425 0.6108053484375 0.65068115 0.6092933656249999 0.6717701968750001 0.6078578515624999 0.6868683765625 0.6083877281250001 0.706044284375 0.6146490203125 0.7186777 0.6146474984375 0.7290404875000001 0.6164163984375 0.733210578125 0.6181795609375 0.7422101375 0.6253044562500001 0.7446749031250001 0.6258358515625 0.7611978875000001 0.61836423125 0.7864458921875 0.597884540625 0.7951957171874999 0.594453421875 0.8096268203125 0.5917154109375 0.8163848234375 0.588718965625 0.8201743328125 0.5855478046875 0.8232582796875001 0.5807622 0.8253886453125 0.574375146875 0.8273385515625 0.5544558890625 0.825776034375 0.5258030296875 0.8280671484375001 0.45929578125 0.8282184812500001 0.38893726093750003 0.8326758999999999 0.3464272484375 0.8309363546874999 0.3253802078125 0.8305891093750001 0.287085409375 0.8294183015625001 0.28417420937500004 0.8170542765625 0.2726016546875 0.8028002000000001 0.2677338453125 0.701965496875 0.2683943859375 0.6775889515625 0.26207536249999996 0.6553367953125 0.26026898906249996 0.6395484453125 0.257463290625 0.604662871875 0.25565843906249996 0.5882938249999999 0.256516303125 0.5273221203125 0.26862937656249997 0.4879431921875 0.27895025 0.477139965625 0.28546154218750003 0.46296629375 0.29842487812499996 0.440537109375 0.30422432499999996 0.43698791875 0.307713175 0.4407945390625 0.31444965156250004 0.44359541875 0.3324685078125 0.44319092031249996 0.37113298906250003 0.44413425625 0.4051028484375 0.44598925312500004 0.421189571875 0.44543596875 0.4981748453125 0.446477646875 0.5172767515625
4 0.1553583421875 0.5622592703125 0.1584893578125 0.6086652875 0.159373665625 0.6132429265625 0.1633667265625 0.6226119078125001 0.1652602078125 0.6370451921875 0.1712450921875 0.6459795015625 0.174415421875 0.6481253421875001 0.1902499546875 0.6489469125 0.21406889062499998 0.6579374328125 0.2378938078125 0.656028253125 0.2625243484375 0.6514345765625 0.31078738437500003 0.653198915625 0.3756118890625 0.64583819375 0.3878664421875 0.6514713640625 0.399671146875 0.6551464046875 0.40587154375 0.6548214546875 0.41513279531249997 0.6507029656250001 0.4177130125 0.64627404375 0.421206609375 0.6345309968749999 0.4265380921875 0.6289670328125 0.44157298125000005 0.6215733984375 0.44633744374999995 0.6084426109375001 0.44810345468749996 0.553853121875 0.4477698859375 0.5043279359375 0.4486994875 0.4537456953125 0.447905825 0.4346307921875 0.44947254843750006 0.34603244843750003 0.44760215781249996 0.3306071015625 0.4437014578125 0.31726986562500004 0.439352625 0.3125435125 0.42377208906249997 0.30080924375 0.4131518703125 0.2888150171875 0.39898246249999997 0.2803096390625 0.38716236406250004 0.27729597500000003 0.301425840625 0.2784863921875 0.2195883 0.28244502968749996 0.2084121921875 0.283691315625 0.195926734375 0.287978778125 0.1881073953125 0.294003409375 0.180443709375 0.3039832953125 0.1772520078125 0.31339852968750004 0.1710567625 0.345430515625 0.166013496875 0.3598970546875 0.164590409375 0.37846756406250004 0.1654217265625 0.43853576875 0.16312717968749998 0.48390499218749994 0.156566746875 0.5103412796875 0.1548896640625 0.5398244890624999 0.1553583421875 0.5622592703125
4 0 0.602932434375 0.00425255625 0.6048582578125 0.0163360625 0.6071975468749999 0.04773401875 0.609845746875 0.056701073437500006 0.60772438125 0.0660239015625 0.6009603875 0.072278175 0.598320625 0.13350902656250002 0.6070018921875 0.1397171203125 0.6063462546875 0.1497532078125 0.6008660203125 0.152852546875 0.5954190390625 0.15532329218750002 0.585050734375 0.15638119374999998 0.560884528125 0.1563649125 0.5083701515625 0.1619178875 0.4826472296875 0.16302196875 0.4564968953125 0.16521219375 0.436895328125 0.165992121875 0.37145813125 0.17174693125 0.3477063375 0.17136635312499998 0.342772015625 0.16730401875 0.336379225 0.1557319390625 0.3333525625 0.12966718125 0.3357094109375 0.0907902640625 0.3351045890625 0.0670902125 0.3422917765625 0.06126098125 0.337312721875 0.050123357812500005 0.3369055671875 0.0064494734375000005 0.340185271875 0 0.3424350546875 0 0.602932434375
1 0.7327877841005901 0.2979042384684976 0.039953505983923776 0.04032842887824382
3 0.7871635467340273 0.4425306637286968 0.06653418977951393 0.042501760515449585
2 0.7780041394395828 0.5678582123492157 0.04807447729857639 0.020466308231457474
1 0.3844405498681594 0.3458116304848674 0.03911770459715278 0.03794373530067894
3 0.3187791822769789 0.35081339100031694 0.09077112357510417 0.044552261419960715
2 0.42042868199263844 0.5429013144514938 0.04821994766329851 0.026716308231457476
1 0.15546091147541632 0.39448590513381115 0.025818270801562536 0.0364664444820761
3 0.11094784527100661 0.39603843905500913 0.06564383700597225 0.03777331693788462