0 0.5991974692382812 0.556805615234375 0.5989441450195313 0.57928084375 0.60069659765625 0.6027789192708334 0.5993042260742187 0.6298645384114584 0.595323447265625 0.6519513606770834 0.5958817734375 0.66617478515625 0.5996669604492187 0.6692086940104166 0.6099149931640625 0.6730040240885417 0.6144658774414062 0.6770415403645833 0.6209306313476562 0.7006127259114584 0.6232493720703125 0.7046156106770832 0.6265240942382813 0.7069804485677084 0.6518722290039063 0.7096877493489583 0.7303777963867187 0.7056165286458334 0.785495052734375 0.709116265625 0.7995670087890625 0.7063594055989584 0.8012453872070312 0.7037408385416667 0.8034946171875 0.6931973059895834 0.8079543408203125 0.6816963430989583 0.8104155034179688 0.6695032200520834 0.8076782041015625 0.6463204401041667 0.8083147495117188 0.6073223639322917 0.8068524487304688 0.5289531959635417 0.8050783466796875 0.5044630566406251 0.8012479521484375 0.47663525651041666 0.7992573544921875 0.442224482421875 0.7973552631835937 0.4345917272135416 0.795000439453125 0.42893540299479166 0.792710564453125 0.42625526953125004 0.7819232006835938 0.4204681165364583 0.748975826171875 0.41037024609375 0.7208201352539062 0.40398305208333335 0.6982362583007813 0.402971517578125 0.6697432983398437 0.40385176041666665 0.650243859375 0.4078467180989583 0.63182308203125 0.41582532096354163 0.6091571684570313 0.4224157584635417 0.605013064453125 0.42565722265625 0.59951076171875 0.4348279798177083 0.5984077963867187 0.4410918092447917 0.5977666884765624 0.46851966015625 0.5984693452148437 0.48935684114583333 0.597503494140625 0.5019037389322917 0.5991974692382812 0.556805615234375
4 0.279532734375 0.5732579459635417 0.2771220869140625 0.5877658841145833 0.27714108251953123 0.5999974856770833 0.2786770390625 0.6135749264322917 0.27694549072265623 0.6251182174479167 0.2779105966796875 0.6466206217447917 0.2798487705078125 0.6559068164062499 0.2834581064453125 0.662243755859375 0.29149564599609373 0.6669965182291667 0.2979657084960938 0.668088626953125 0.33315509619140626 0.6673122779947916 0.3396540244140625 0.6697271380208334 0.35797567919921874 0.6799286699218751 0.4063820732421875 0.6826631373697917 0.46931050244140626 0.6919038528645833 0.49771230078125 0.6754851295572917 0.5240433740234375 0.6550673697916667 0.5571791240234375 0.6397138209635417 0.565650400390625 0.6302585501302084 0.572809431640625 0.6174771614583333 0.57697783984375 0.60398822265625 0.57915299609375 0.5673280481770834 0.5802494907226563 0.5266842278645834 0.5797089970703125 0.46783333854166664 0.5786762880859375 0.45459428124999995 0.575440302734375 0.44264334440104164 0.5708172534179687 0.4352989498697917 0.546779455078125 0.4131080026041667 0.5257368422851563 0.40319483203125 0.47738170947265623 0.36872587565104165 0.46712646044921874 0.36459985807291667 0.46064196484375 0.36284637369791667 0.430319080078125 0.3594007389322917 0.34717602978515627 0.355466189453125 0.3355553662109375 0.35693877734375 0.2988247138671875 0.3666167623697916 0.2925206318359375 0.3731304739583334 0.28856415673828123 0.3849698216145833 0.28683260791015625 0.39651311197916667 0.28767959521484376 0.42396405078125005 0.28477482470703125 0.461274056640625 0.28437907861328127 0.49994529296875 0.28291719580078123 0.5124844954427084 0.28220392236328123 0.5366054680989584 0.279532734375 0.5732579459635417
4 0.24297262451171875 0.6021119778645834 0.2546871025390625 0.60493833203125 0.26958970458984377 0.60616126953125 0.27597316845703124 0.6032851243489583 0.27879781201171877 0.5963868548177084 0.28158181005859373 0.576264919921875 0.2822202641601563 0.5600766080729166 0.284924880859375 0.5363171067708333 0.28475964599609377 0.4946619837239583 0.2848649833984375 0.47100287955729164 0.28675143310546874 0.4475313697916667 0.28767460400390626 0.42388504427083334 0.252709357421875 0.4234214967447916 0.2469761259765625 0.4220102434895833 0.22450049658203125 0.42595902604166663 0.21859863134765625 0.42818149153645835 0.21277614794921876 0.4340415227864583 0.2080467587890625 0.44454657486979166 0.2091869697265625 0.49679525195312496 0.21099259228515624 0.5113686041666666 0.21343783154296875 0.5666127115885417 0.215609587890625 0.5752413782552083 0.2262211005859375 0.5843315611979166 0.23645926318359375 0.5990357421875 0.24297262451171875 0.6021119778645834
0 0.0399864814453125 0.551279515625 0.046526115234375 0.55307995703125 0.074075142578125 0.5527473606770833 0.08177912841796875 0.5526225716145833 0.08798958642578125 0.5510199368489583 0.0914135654296875 0.5502235598958333 0.0920227958984375 0.5430972493489583 0.0936112314453125 0.5341172447916667 0.10140501416015625 0.5291411888020833 0.1083077001953125 0.5183747330729166 0.116633744140625 0.5144263307291667 0.13081230419921874 0.5158356061197916 0.1286777392578125 0.48810892578125004 0.11994513720703125 0.48469924088541666 0.10633078271484375 0.47451008658854166 0.06643409521484375 0.47527405859375 0.04388630029296875 0.4759159635416667 0.03475346435546875 0.4808600787760417 0.0277557470703125 0.48143110546874995 0.0247365244140625 0.48325315625 0.02477593310546875 0.49089922786458334 0.0255877529296875 0.49889708463541665 0.02536565234375 0.5179223385416667 0.03063769140625 0.5200429231770833 0.03797801904296875 0.529331359375 0.04136442578125 0.5443350188802083 0.0399864814453125 0.551279515625
3 0.056245279055711514 0.5195771594525754 0.01425960898323711 0.004776982780340777
1 0.05906653140628883 0.4922864383420829 0.009950322933154648 0.00861505277954544
2 0.058193178938577506 0.5417353027861739 0.008874307699917539 0.004042610001590822
1 0.41932010899113414 0.42628534174090565 0.048329393515732066 0.04500566223079513
3 0.3382227988911754 0.42307467450401237 0.06490254094909276 0.043961147789355635
2 0.4461337768040621 0.6037247261895039 0.04238999843294844 0.01888066445204502
1 0.6955878437578971 0.42601581456870646 0.035236270082783516 0.02657953111738613
3 0.7306611380389487 0.5345962934635168 0.04754275406602071 0.03132621167515115
2 0.7716312048028249 0.667348645137077 0.047817922316226724 0.02156816223079498