0 0.4344208896484375 0.4809016328125 0.4329270224609375 0.48145902473958335 0.423470673828125 0.48443802734375 0.4063344912109375 0.48588771744791664 0.39660703955078125 0.491494892578125 0.3709892568359375 0.49797703515625 0.36400729541015625 0.5017907194010417 0.357743408203125 0.5086325859374999 0.35647158349609376 0.5121834993489583 0.35598403564453124 0.5396132584635417 0.35714584765625 0.605541451171875 0.354870416015625 0.6103457936197917 0.3510116538085937 0.625958849609375 0.3511124868164063 0.642841259765625 0.35487584033203123 0.6665973854166667 0.35683399365234375 0.6697122213541666 0.368156146484375 0.6804300644531249 0.376548283203125 0.6856489348958333 0.38366570947265627 0.69474940625 0.4252227109375 0.7102270872395833 0.4363199345703125 0.7182820970052083 0.444239126953125 0.7208208040364584 0.44897451611328126 0.7185045826822917 0.4644755947265625 0.70535950390625 0.4734503408203125 0.7006924010416666 0.478205931640625 0.696061365234375 0.4874373515625 0.690419529296875 0.49469330224609376 0.683646984375 0.5034200322265625 0.6789625507812499 0.5220818276367187 0.6733179029947917 0.5476361201171875 0.674110892578125 0.56429647265625 0.6703117259114584 0.5867015932617188 0.6622815345052083 0.5966799467773437 0.6563610026041666 0.6058911650390625 0.6530339811197917 0.6368211748046875 0.63501101953125 0.6530028110351562 0.6291930651041667 0.6605010053710938 0.6230992272135417 0.6635204848632813 0.618346876953125 0.668593353515625 0.6057966640625 0.67559840234375 0.5993374772135417 0.6899890947265624 0.59968127734375 0.7011411513671875 0.6014532180989584 0.70933721875 0.600702376953125 0.7135650322265625 0.59967424609375 0.7235491577148437 0.5930923385416667 0.7265657514648437 0.5886706764322917 0.7286566577148438 0.57657387109375 0.730822771484375 0.5274226985677083 0.7335828647460938 0.49551928515625 0.7337213891601563 0.47964626953125 0.7325188271484375 0.4752606744791667 0.7263761489257813 0.4682136529947916 0.7137648564453125 0.46303084960937496 0.7026243432617187 0.45993615690104167 0.6763462045898437 0.4567763606770833 0.6491019760742187 0.45057105078125 0.6391755688476563 0.4505392018229167 0.6255058364257813 0.45289289648437503 0.6041043237304687 0.45966965950520833 0.586962369140625 0.4617807252604167 0.5645774501953125 0.4674961022135417 0.5099850986328125 0.46699024544270834 0.49532618896484376 0.4689439296875 0.47518207080078123 0.47382321809895833 0.44242377392578125 0.47385039192708334 0.4376912705078125 0.4758359251302083 0.4344208896484375 0.4809016328125
0 0.49294078759765625 0.40610535416666665 0.31675026953125 0.44928116796875 0.30603776318359377 0.4601455123697917 0.30761280517578127 0.5916264661458334 0.3554043935546875 0.6058530904947916 0.3560185419921875 0.50428315234375 0.43397344091796874 0.49376268880208335 0.43840906494140625 0.48463715234375 0.5537152358398437 0.46801699609374997 0.551912044921875 0.4250684453125 0.54550866796875 0.410104873046875 0.49294078759765625 0.40610535416666665
4 0.62499485546875 0.4139381295572917 0.6245018833007813 0.385116296875 0.6186562817382812 0.372464912109375 0.6080377739257813 0.3664286901041667 0.5981979448242187 0.35647620703125 0.5927675688476562 0.3531187421875 0.5882571079101563 0.3580977975260417 0.585678828125 0.36916787695312503 0.5791092065429687 0.382606169921875 0.57659712890625 0.41452691341145836 0.5761903872070312 0.4326974140625 0.580579638671875 0.4416072486979166 0.5899494091796875 0.448548880859375 0.6179982905273438 0.4478617376302083 0.6237546020507813 0.4423079609375 0.626543380859375 0.43555415299479167 0.62499485546875 0.4139381295572917
0 0.575238900390625 0.39954197851562495 0.5753629951171875 0.3853224016927083 0.5736903745117188 0.37792595507812504 0.5697711811523437 0.37202697200520835 0.5633602856445312 0.36727743359375004 0.5565053046875 0.35654085416666664 0.5431384208984374 0.35262881054687495 0.5374051962890625 0.35553708463541667 0.5370706030273438 0.36544038867187495 0.5329897978515625 0.3780599244791667 0.5343480263671875 0.39304486002604166 0.5399860151367187 0.4010492845052083 0.5505727778320313 0.410723072265625 0.5542814721679687 0.41230578255208333 0.5646952529296875 0.41336435677083333 0.5699209018554687 0.4117441725260416 0.573424869140625 0.40834923502604165 0.575238900390625 0.39954197851562495
4 0.76080366015625 0.4353400690104167 0.7623321586914062 0.43081442317708335 0.7601606196289062 0.42371400260416664 0.76019813671875 0.419415060546875 0.7655103637695313 0.40787424218749996 0.7750244306640625 0.398281482421875 0.7760453530273438 0.39504392643229164 0.7743409873046875 0.391285046875 0.7699199907226563 0.38601277799479167 0.7565963955078125 0.3771404166666667 0.7166946997070313 0.3710433098958333 0.7087408759765625 0.3724728567708333 0.7040054873046875 0.374789078125 0.699988171875 0.38013348046875 0.6974387509765625 0.38789668294270835 0.697692365234375 0.4157091217447917 0.701576927734375 0.4255763587239583 0.7060036962890625 0.43018725195312496 0.7104535522460937 0.43215264192708336 0.7416544916992187 0.43995799218750004 0.7533256669921875 0.439119091796875 0.76080366015625 0.4353400690104167
1 0.4185534873046875 0.5390257259114584 0.3861862587890625 0.52710716015625 0.38418370947265623 0.5429891901041667 0.4186379677734375 0.5553990859375 0.4185534873046875 0.5390257259114584
1 0.45670450146484376 0.5447226119791667 0.4569792255859375 0.5653526842447917 0.4861513935546875 0.5576919108072916 0.48632058154296876 0.538305271484375 0.45670450146484376 0.5447226119791667
3 0.3963120747070312 0.6123375143229167 0.3942879091796875 0.635837953125 0.4328220341796875 0.6497453509114584 0.43278778125 0.627616572265625 0.39635598974609376 0.6128900234375 0.3963120747070312 0.6123375143229167
2 0.43043136328125 0.7035863118489584 0.4079531689453125 0.6914937252604166 0.4072812763671875 0.6986345358072916 0.4299213413085938 0.7099157949218751 0.43043136328125 0.7035863118489584
1 0.3563914407871328 0.4789563418690654 0.02358522333505675 0.01856482643592831
1 0.6141137182974732 0.3953407767016694 0.006427199584261523 0.009558138756952772
3 0.5965412749642063 0.39346142770805637 0.014733662500994171 0.010789214439121952
2 0.616736595793894 0.4307017445894937 0.007346945416931927 0.003115961386227569
1 0.7631190428817346 0.39663268599940865 0.007386717084062466 0.0076732530528942355
3 0.7509120116317346 0.39577969480014036 0.0137514183342613 0.010069933476513823