0 0.4089154171875 0.43964349062499997 0.391694528125 0.4428865953125 0.3817658921875 0.44950743906249996 0.3558833953125 0.458666709375 0.3487637828125 0.4632081546875 0.34226694687500003 0.4706998109375 0.34087864843750004 0.47438068125 0.33951224999999996 0.5018364328125 0.3385669359375 0.567582684375 0.336132675 0.57262095 0.33176566093750004 0.588623878125 0.3313264765625 0.6054802968749999 0.3343380421875 0.628820559375 0.3362008984375 0.6317274625 0.34720539375000004 0.6412496953125 0.355449290625 0.6455848546875 0.3622914140625 0.6539315718750001 0.40344605 0.6650426781250001 0.41431032500000003 0.6719280703125 0.42216598593750004 0.6736350468750001 0.4269860828125 0.6708249875 0.442942471875 0.6560684343750001 0.45208663437499996 0.6504656375 0.4570010546875 0.6453407624999999 0.46643365625 0.638737240625 0.4739225546875 0.631210940625 0.48281870312499997 0.6256168046874999 0.5017028578125 0.6180227921875 0.527288915625 0.6161386546875 0.5441080984375 0.61059805625 0.5668202859375 0.600228628125 0.5770104109374999 0.5932684359375 0.5863486921875001 0.588979728125 0.6179246046875 0.5677338171875 0.6343286015625 0.5602264156250001 0.6420385671875 0.55335283125 0.645216875 0.5482885828125 0.6507026984375 0.5352185390625 0.65793010625 0.5280315890625 0.6723419765624999 0.5268678812500001 0.6834622671874999 0.5274702046875 0.6917006890625 0.5258616421875 0.6959708578125 0.52439165625 0.70618793125 0.5167700875000001 0.7093527640625 0.512036528125 0.711835446875 0.499731790625 0.7155792578125 0.4503986765625 0.71936644375 0.4182353484375 0.72001321875 0.4023623328125 0.7189483078125 0.3981066953125 0.7130174015625 0.3917094625 0.7005437609375 0.3878522265625 0.6894773671875 0.38592715312500003 0.6632415828125 0.38552245625000003 0.63613500625 0.3821762140625 0.626187421875 0.383184025 0.6124118046875 0.386967253125 0.5907455765625 0.3959792875 0.5734977359375 0.39988376875 0.55087986875 0.40793838281249994 0.49618163125 0.413150659375 0.48142742343749995 0.41663784374999996 0.4610821234375 0.42362244687499995 0.4282497078125 0.42708050000000003 0.423443084375 0.429559871875 0.420003284375 0.43496346875 0.41848824218749997 0.43567680937500003 0.4089154171875 0.43964349062499997
0 0.2919972859375 0.4276723890625 0.2893684171875 0.5588682078125 0.33681161406250004 0.5680764296875 0.34067740625 0.4665350046875 0.41914327812499996 0.44785963124999995 0.42388084062500003 0.4382778765625 0.5399766968749999 0.4095964421875 0.539543840625 0.366876003125 0.5336049859374999 0.3525967578125 0.48104754375000003 0.3541065375 0.303081409375 0.4156960140625 0.2919972859375 0.4276723890625
4 0.6081206546875 0.3073301640625 0.5976715625 0.3024115765625 0.5881282140625 0.293498753125 0.5827931359375 0.290713103125 0.5781132578125 0.29616000468750003 0.5751749671875 0.30749 0.568160625 0.32160407343749997 0.5646214546875 0.3537587390625 0.5636323421875 0.37195523124999996 0.5677462906249999 0.3803972203125 0.5769148796875 0.386351175 0.60504846875 0.38272698906249997 0.6109953734375 0.37657540625 0.6140065124999999 0.36953569375 0.6131462453125 0.348101609375 0.6135744796875 0.31935775 0.6081206546875 0.3073301640625
0 0.56287944375 0.3174956703125 0.5591402578125 0.31201255156249996 0.5528670109375 0.30793879375 0.5463402765625001 0.2979299765625 0.5330686890624999 0.295421475 0.5272295812500001 0.298927553125 0.5265773296875 0.30885685 0.5220835703125 0.32189225 0.5229653125 0.3367212375 0.5283597656250001 0.3441278546875 0.538660634375 0.35268400781250003 0.5423269765625001 0.353876846875 0.5527301671875 0.35384377499999997 0.5580193484375 0.35167777031249997 0.5616397906249999 0.34791895156249997 0.5637397125 0.338929753125 0.564319115625 0.3247101765625 0.56287944375 0.3174956703125
4 0.748301421875 0.3437121046875 0.7484765906249999 0.3394131625 0.7541700046875001 0.327326521875 0.7640123171875 0.31674608437499996 0.7651391265624999 0.31340456250000004 0.7635512328125 0.30982762343750003 0.7592890671875 0.30502320156249996 0.746219596875 0.29755438125 0.7064237859375 0.295641909375 0.6984064296875 0.2979031859375 0.6935863328125 0.3007132453125 0.6893890140625001 0.3064735140625 0.686585465625 0.31449663125 0.685949640625 0.3422570875 0.689527134375 0.351708459375 0.6938162515624999 0.35585150468750004 0.6982131640625 0.35734904843750004 0.7292340984375 0.361879465625 0.740958215625 0.35981896406249997 0.7485738609375 0.35526019531249997 0.7502506 0.3505786 0.748301421875 0.3437121046875
1 0.36766694843750003 0.5022558140625 0.40180112812499996 0.5110458375 0.40224041250000003 0.494696290625 0.37018220468749996 0.48617856875000004 0.36766694843750003 0.5022558140625
1 0.46939215 0.5062656203125 0.4701820953125 0.48687897968750005 0.44029443281249997 0.49639226406250003 0.439909603125 0.5169747078125 0.46939215 0.5062656203125
3 0.41299780156250004 0.6038203156249999 0.4136716 0.58171535 0.3776295984375 0.5708179078125 0.3776032640625 0.5702705015625 0.3748225515625 0.593961459375 0.41299780156250004 0.6038203156249999
2 0.3858354625 0.6553397984375 0.40816514843749996 0.6642395624999999 0.40887885625 0.6578624484375 0.386737365625 0.6481351453124999 0.3858354625 0.6553397984375
1 0.34166098760552926 0.4413293166127378 0.024137836958138335 0.018005955534962936
1 0.6028305923581647 0.33079108757931197 0.007413251977166269 0.00962053666048881
3 0.584893675856262 0.33063732015611674 0.015257585475263546 0.010674605172143182
2 0.6045230849437908 0.36583821017465024 0.007939833992388757 0.0033978185116542827
1 0.7516182608372338 0.31701378585788065 0.008130834980972067 0.008085318511654283
3 0.739931344335331 0.31664176362536206 0.014444501977166268 0.00986607332097771