0 0.43537227187500005 0.45954363281250005 0.41830535468749996 0.46199000625000003 0.40874240625 0.4681605234375 0.3833410765625 0.4761304703125 0.3764716703125 0.4803486046875 0.3703982625 0.48755158906249996 0.3692216765625 0.49117472500000003 0.3694527515625 0.5186189296875 0.372337525 0.584446009375 0.3701919640625 0.5893803531249999 0.366748790625 0.60521008125 0.3672911875 0.622078046875 0.37166926718750004 0.6456030562499999 0.37370534375000003 0.648602334375 0.3852872390625 0.658655721875 0.3938005890625 0.6633834734375 0.40114312500000004 0.6720650499999999 0.44302913593750004 0.685116021875 0.45431683749999996 0.692521021875 0.462287978125 0.6945974984375 0.46695410312499996 0.692006828125 0.4820828828125 0.6779661781249999 0.4909191 0.6727790671875 0.49554481875 0.6678735828125 0.5046117359375 0.66169729375 0.51167720625 0.6545058515625 0.5202654078125 0.6493158546875 0.5387453828125001 0.642587853125 0.5642737015625 0.6418930406250001 0.5808041828125 0.6371260796875 0.6029582171875 0.6277958671875 0.6127634078125 0.6212975468749999 0.6218707296875 0.617436071875 0.6522725953124999 0.5976219687500001 0.6682724109375 0.5908651109374999 0.67559744375 0.58433793125 0.6784870515625 0.5794122453125 0.6832222546875 0.5665731375 0.6900454828125 0.5597095000000001 0.704418859375 0.5592155062499999 0.715596890625 0.5603374375 0.723758325 0.559109921875 0.7279515062499999 0.55783623125 0.737745153125 0.5506765359375 0.7406405328125001 0.5460815375 0.7424110890625 0.533869175 0.7432871453125001 0.4846168890625 0.745207403125 0.4525690296875 0.7449303390625001 0.4366960140625 0.7436152218750001 0.4323826421875 0.7372993812499999 0.42569673750000003 0.7245755328125 0.4212506140625 0.7133744140625 0.4188059328125 0.6870616421875 0.4171772734375 0.659704859375 0.41256087968750005 0.6497957671875 0.41310681718750003 0.6362126171875 0.41625496875 0.61502755625 0.4242739765625 0.5979721828125 0.42738172656250006 0.5757777421875 0.434397125 0.521271971875 0.4370691 0.506690984375 0.43987502031250003 0.4867113703125 0.4459243296875 0.45401368125 0.4478582015625 0.44934178437499994 0.45011818437500006 0.44620993125 0.45537167187499994 0.4447333828125 0.45601573125000006 0.43537227187500005 0.45954363281250005
0 0.3175184359375 0.44209869687500003 0.32253094843749996 0.5734211874999999 0.370607409375 0.5848588546875 0.368562740625 0.4833047625 0.4460998265625 0.46825223749999995 0.450288559375 0.4588731609375 0.5649490171875 0.43554999531250005 0.562025325 0.392728215625 0.5552421187500001 0.37814495625 0.5026657015625 0.3772072078125 0.327927078125 0.43061634687500006 0.3175184359375 0.44209869687500003
4 0.6272710953125 0.336266521875 0.6165140578125 0.330851421875 0.6064318015625 0.321476725 0.6009235015625001 0.31843704375000004 0.596551571875 0.323676103125 0.5942676671875 0.3348906296875 0.5880616859375001 0.34870448593750003 0.58638944375 0.38075523125 0.5864588984375 0.39894017656249997 0.5910732609375 0.4075900078125 0.600607534375 0.413982740625 0.6285871515625 0.411663346875 0.6341876156249999 0.4057773421875 0.6367945749999999 0.39886464374999997 0.6346832734375 0.3773497328125 0.633437046875 0.3485712328125 0.6272710953125 0.336266521875
0 0.5825302984375 0.344342053125 0.5784639171875 0.33867418437499996 0.571940465625 0.334300209375 0.564817084375 0.3239680796875 0.5513722765625 0.32083605 0.545725634375 0.32407655156250004 0.545650784375 0.3339943015625 0.54190764375 0.3468449515625 0.5436554874999999 0.3617432203125 0.5494926140625 0.369415415625 0.56031314375 0.3784680828125 0.5640564718750001 0.379834121875 0.574478909375 0.38028601875 0.5796526109375 0.378362496875 0.5830613390625 0.37476533437500004 0.5846416 0.3658569640625 0.584393396875 0.3516373875 0.5825302984375 0.344342053125
4 0.769857696875 0.37925325 0.7697826578125 0.3749543078125 0.7747831921875 0.36311015156250004 0.7840288578125 0.35296849375 0.7849632 0.349673159375 0.78316359375 0.3460153921875 0.7786127265625 0.3410031265625 0.7650813375000001 0.332910778125 0.725093059375 0.32913926718750003 0.7171911843750001 0.3310310453125 0.7125250609375 0.3336217140625 0.7086549343749999 0.3391972328125 0.70631330625 0.34710488125 0.707294203125 0.37488843125 0.7114298484375 0.384524553125 0.7159691734375 0.3888754421875 0.7204623203125 0.390580828125 0.751810446875 0.396566146875 0.7634383312499999 0.3950483453125 0.7708037703125 0.39083598125 0.7722110546875001 0.3862236671875 0.769857696875 0.37925325
1 0.3976891984375 0.5203517703125 0.4324051796875 0.5307499359375 0.431892425 0.5143898109375 0.39927251406250003 0.50436125 0.3976891984375 0.5203517703125
1 0.4998551578125 0.5291119453124999 0.4995167625 0.5097253046875 0.47012275 0.5178632046875 0.47093678125 0.5384668078125 0.4998551578125 0.5291119453124999
3 0.449031990625 0.6242226859375 0.44841877500000005 0.6021071421874999 0.411668259375 0.5895086046875 0.411609965625 0.58895893125 0.41020441874999997 0.6125652500000001 0.449031990625 0.6242226859375
2 0.42481717343750003 0.6745736499999999 0.4477110296875 0.6845314015625 0.44805450156250004 0.6781754484375 0.4253009890625 0.6673973578125 0.42481717343750003 0.6745736499999999
1 0.36807921306507374 0.45809704738222495 0.02373750892845372 0.017460220003181703
1 0.6233376830333016 0.3595253767504507 0.007194891233702094 0.009456816000954493
3 0.6053552962638264 0.35853504141467807 0.01502102800317715 0.010328972668681758
2 0.6270763376596843 0.39471798941754155 0.007867047077900757 0.0032159066677271753
1 0.7716251785690748 0.352658853437268 0.007948867694751626 0.007903406667727176
3 0.7598927917995997 0.35174124343567714 0.014226141233702094 0.009538632001908987