0 0.4146477324071688 0.6472818048014741 0.6463319184111377 0.5656573264858386
1 0.22624248603536587 0.5546602512659444 0.06006696996293313 0.04423363883740698
3 0.2764359150766409 0.7300620445498552 0.07489336179556512 0.06659971215838496
2 0.2885514799600981 0.8087053997219982 0.05338046034428627 0.03151538402808356
0 0.8205778177938641 0.4690353307470079 0.19674854754508003 0.2713913942797026
0 0.8086358677011969 0.3630209437236993 0.1767212458236486 0.1224355391075596
0 0.3485143340359329 0.39075649708959315 0.239060043916883 0.18703624164729754
1 0.3004687036360463 0.35544399046617114 0.020967264427970277 0.019459328130301136
3 0.3311160137101801 0.4409921100662846 0.03371280108845909 0.0269270877489479
1 0.802802529952249 0.3956697526167067 0.0280530781303014 0.021267364790790035
3 0.8405356537287135 0.479900908877309 0.03985367368379755 0.024020342558271325
2 0.842003895291193 0.5722520999843016 0.031768355172143006 0.01593502404661713