0 0.6830357143554687 0.3604497356770833 0.62127976171875 0.36541005273437505 0.5808531748046875 0.37169312174479163 0.5443948413085937 0.38095238085937505 0.5287698413085937 0.38624338606770836 0.5084325395507813 0.39616402148437496 0.49156746044921873 0.3968253971354167 0.4796626982421875 0.40046296289062505 0.470734126953125 0.4014550266927083 0.45684523828125 0.4007936510416667 0.4523809521484375 0.40277777799479164 0.45089285693359377 0.4047619049479167 0.4424603173828125 0.4074074075520833 0.4310515874023437 0.4070767194010417 0.4226190478515625 0.4050925924479167 0.41567460302734377 0.39451058203125 0.408234126953125 0.39120370377604163 0.4035218251953125 0.390542328125 0.3871527778320312 0.390542328125 0.35615079345703127 0.3938492063802083 0.3407738095703125 0.40277777799479164 0.333829365234375 0.4110449733072917 0.3253968251953125 0.41798941796875 0.322172619140625 0.4282407408854167 0.318204365234375 0.43154761914062495 0.3033234125976563 0.43716931184895835 0.29811507958984373 0.44179894205729164 0.2941468251953125 0.4480820104166667 0.2914186508789062 0.4556878307291667 0.28497023828125 0.4914021165364583 0.28745039697265623 0.5152116399739584 0.28844246044921873 0.541005291015625 0.2862103173828125 0.568452380859375 0.2857142856445313 0.5906084654947917 0.2859623017578125 0.623015873046875 0.2881944443359375 0.646164021484375 0.29265872998046877 0.650132275390625 0.30307539697265623 0.65244708984375 0.3559027778320312 0.658399470703125 0.39037698388671876 0.6726190475260417 0.3970734125976563 0.673941798828125 0.416170634765625 0.673941798828125 0.4310515874023437 0.6709656087239583 0.44692460302734377 0.669973544921875 0.4575892856445313 0.669973544921875 0.4813988095703125 0.6732804231770834 0.49627976171875 0.6689814817708334 0.513640873046875 0.6590608463541666 0.5218253969726563 0.65211640234375 0.529265873046875 0.6484788359375 0.5580357143554687 0.642526455078125 0.5731646826171874 0.63690476171875 0.5927579365234374 0.626984126953125 0.6088789682617187 0.6240079361979166 0.62103174609375 0.6187169309895834 0.6436011904296876 0.6200396822916666 0.673611111328125 0.619378306640625 0.6845238095703124 0.6177248678385416 0.6966765874023437 0.61309523828125 0.7016369047851563 0.6097883600260416 0.7053571430664063 0.60515873046875 0.7118055556640625 0.5902777779947916 0.7175099204101563 0.583994708984375 0.7371031748046875 0.5767195768229166 0.7703373017578125 0.55853174609375 0.7723214287109375 0.5558862434895834 0.775297619140625 0.5459656087239583 0.77752976171875 0.5168650794270834 0.7748015874023437 0.47056878320312495 0.7750496030273437 0.4454365078125 0.7735615078125 0.42096560872395833 0.7735615078125 0.3918650794270833 0.7720734125976563 0.38227513216145836 0.7705853173828126 0.37863756640625 0.7594246030273437 0.3680555553385417 0.7214781748046875 0.3624338626302083 0.7073412700195313 0.3581349205729167 0.6946924604492187 0.35747354492187505 0.6830357143554687 0.3604497356770833
1 0.34228515625 0.4596354166666667 0.037109375 0.024088541666666668
3 0.36376953125 0.5514322916666666 0.029296875 0.024088541666666668
2 0.37646484375 0.642578125 0.02685546875 0.012369791666666666
2 0.74462890625 0.419921875 0.029296875 0.020833333333333332
0 0.708829365234375 0.20800264518229164 0.697172619140625 0.21395502669270836 0.6946924604492187 0.21792328059895835 0.6909722221679687 0.23908730143229165 0.6909722221679687 0.2562830690104167 0.6959325395507813 0.2906746028645833 0.6964285712890625 0.3039021165364583 0.6996527778320313 0.318121693359375 0.7043650795898437 0.32903439127604167 0.7105654760742187 0.3359788359375 0.7222222221679687 0.3422619049479167 0.736359126953125 0.3531746028645833 0.7472718251953125 0.3581349205729167 0.7916666665039063 0.36144179882812505 0.8072916665039063 0.36144179882812505 0.8122519838867187 0.3601190475260417 0.8211805556640625 0.35449735481770833 0.8256448413085937 0.34821428580729163 0.828125 0.33994708984375 0.8256448413085937 0.2688492063802083 0.8226686508789063 0.24305555533854165 0.8209325395507813 0.23809523828125 0.8125 0.22751322721354164 0.7971230161132813 0.216600529296875 0.7745535712890625 0.20833333333333334 0.75 0.203373015625 0.7428075395507813 0.203042328125 0.708829365234375 0.20800264518229164
0 0.6532738095703124 0.16170634895833333 0.6535218251953125 0.19179894205729167 0.6498015874023437 0.21461640234375 0.6540178569335937 0.22784391536458334 0.6589781748046875 0.236111111328125 0.6731150795898437 0.23677248697916667 0.681795634765625 0.23478836002604167 0.6872519838867187 0.22916666666666666 0.6922123017578125 0.220899470703125 0.6964285712890625 0.21726190494791667 0.7150490815429688 0.20536469270833335 0.7731432270507812 0.20876111653645835 0.8103438793945312 0.23423433463541665 0.8330853173828126 0.24470899479166666 0.838045634765625 0.24470899479166666 0.8495828916015625 0.24544255078125 0.8564624614257812 0.24544255078125 0.8572268583984375 0.22778112434895834 0.8571428569335937 0.19246031770833336 0.857638888671875 0.16699735481770836 0.8559027778320313 0.16071428580729166 0.849454365234375 0.154431216796875 0.8325892856445313 0.15542328059895832 0.80877976171875 0.150462962890625 0.7857142856445313 0.1484788359375 0.7527281748046875 0.14781746028645834 0.7266865078125 0.14880952408854167 0.7083333334960937 0.14748677278645833 0.6976686508789063 0.14914021158854165 0.6862599204101563 0.14914021158854165 0.6721230161132813 0.14715608463541666 0.6589781748046875 0.14715608463541666 0.6532738095703124 0.16170634895833333
1 0.78662109375 0.24934895833333334 0.0146484375 0.01171875
1 0.833984375 0.17057291666666666 0.013671875 0.0078125
3 0.80126953125 0.2975260416666667 0.01708984375 0.01171875
3 0.8466796875 0.20377604166666666 0.01123046875 0.008463541666666666
2 0.85009765625 0.23763020833333334 0.009765625 0.007161458333333333
2 0.80712890625 0.3424479166666667 0.01953125 0.009114583333333334