0 0.6606233557275472 0.48828125 0.4165923206796343 0.3921875
4 0.327120610989219 0.48671875 0.3104865338479311 0.38125
4 0.09904957318216483 0.471875 0.19809914636432965 0.28828125
1 0.7598938555863729 0.33984375 0.043408365756780753 0.034375
3 0.8090608557275472 0.48828125 0.0677181210184525 0.0359375
2 0.7954849321629633 0.6140625 0.047876057878390374 0.0171875
1 0.41202550298377183 0.3703125 0.03072635523343692 0.03125
3 0.3495255029837717 0.3703125 0.09166385523343692 0.03125
2 0.4371865847514469 0.56875 0.052882076294241645 0.02265625
1 0.1803358872269911 0.4046875 0.02461286312594475 0.03359375
3 0.13598664775033478 0.4015625 0.06937162628012442 0.0375