0 0.502922828125 0.41323968505859376 0.4717485269097222 0.41553539892578123 0.4338940182291667 0.4215877553710938 0.38564806510416666 0.430979337890625 0.3726587838541666 0.43932740771484374 0.23475578472222225 0.46489743994140625 0.20321031597222222 0.472619404296875 0.19801461024305556 0.48618502685546877 0.17945848958333332 0.479089158203125 0.17764192708333332 0.494452884765625 0.17411459027777776 0.5445520908203125 0.17720101041666667 0.5552167734375 0.18690118663194444 0.5681135991210937 0.18998760677083334 0.5777862182617187 0.19439677777777778 0.5847306625976563 0.20806520833333333 0.5886989165039063 0.22878831163194446 0.5906830434570313 0.26626626649305557 0.5899389956054687 0.3134443967013889 0.5869628051757813 0.35621335590277775 0.5874588369140625 0.3694408689236111 0.5891949482421875 0.38090471440972223 0.591923123046875 0.38619571961805554 0.591923123046875 0.41882358506944445 0.5877068530273437 0.43513751822916663 0.5832425673828125 0.4558606223958333 0.5713378051757813 0.4831974826388889 0.5604251069335937 0.4959840789930555 0.5522405830078125 0.5153844322916666 0.5455441547851563 0.5250846085069445 0.5405838369140625 0.5616807282986112 0.5309112182617187 0.5766719097222223 0.5224786782226563 0.6013632682291666 0.5056135991210937 0.6120328819444444 0.49358989697265626 0.6049815746527778 0.4205442431640625 0.5942189956597222 0.41261357958984374 0.5689826345486111 0.41240487158203126 0.502922828125 0.41323968505859376
0 0.6829805998263888 0.38938492041015627 0.6432980598958333 0.388888888671875 0.6274250442708333 0.39087301611328124 0.6067019401041667 0.3973214287109375 0.5956790121527777 0.40228174609375 0.5767195763888888 0.416170634765625 0.5767195763888888 0.4211309521484375 0.5903880069444445 0.4327876982421875 0.5965608463541667 0.4409722221679688 0.6000881831597222 0.48412698388671876 0.6018518515625 0.48958333349609373 0.6062610225694445 0.4920634921875 0.6287477951388889 0.4933035712890625 0.6578483246527778 0.49255952392578123 0.6834215164930556 0.4985119047851562 0.7054673723958333 0.49156746044921873 0.7147266310763889 0.48313492041015627 0.7173721336805555 0.4776785712890625 0.7222222222222222 0.4228670634765625 0.7213403880208333 0.4037698413085937 0.7191358020833333 0.3953373017578125 0.7160493828125 0.3911210317382813 0.7085537916666667 0.3881448413085937 0.6940035269097222 0.3878968251953125 0.6829805998263888 0.38938492041015627
0 0.21428571440972222 0.3482142856445313 0.20546737239583332 0.3501984125976563 0.20017636718749998 0.35317460302734377 0.19753086458333333 0.3663194443359375 0.20105820138888889 0.37624007958984373 0.20546737239583332 0.3804563491210938 0.21428571440972222 0.38244047607421877 0.22354497395833337 0.3829365078125 0.2689594357638889 0.3829365078125 0.2910052907986111 0.3799603173828125 0.30511463802083333 0.3797123017578125 0.31657848350694445 0.3819444443359375 0.3311287473958333 0.3826884921875 0.3470017638888889 0.38541666650390627 0.3558201059027778 0.3859126982421875 0.3650793654513889 0.3841765874023437 0.380070546875 0.38442460302734377 0.3880070546875 0.3814484125976563 0.3915343914930556 0.37872023828125 0.39329805989583333 0.36879960302734377 0.3919753090277778 0.3539186508789062 0.3849206345486111 0.3482142856445313 0.3796296293402778 0.34598214306640623 0.36728395052083335 0.34771825390625 0.33774250434027775 0.34895833349609373 0.24955908246527775 0.34499007958984373 0.21428571440972222 0.3482142856445313
0 1 0.45337301611328124 0.9880952378472223 0.451140873046875 0.9783950616319443 0.451140873046875 0.936948853298611 0.454861111328125 0.9029982361111111 0.46031746044921873 0.8862433862847222 0.4640376982421875 0.8571428567708334 0.467013888671875 0.8205467369791667 0.474702380859375 0.7910052907986111 0.48214285693359377 0.7857142855902778 0.4836309521484375 0.7813051145833333 0.486359126953125 0.7746913576388889 0.49627976171875 0.7671957673611112 0.5181051586914063 0.7654320989583333 0.5300099204101563 0.765873015625 0.5572916665039063 0.7636684305555556 0.5699404760742187 0.7636684305555556 0.5927579365234374 0.766754849826389 0.60565476171875 0.7711640208333334 0.609375 0.7870370373263889 0.6068948413085937 0.8090828923611111 0.611359126953125 0.8346560850694444 0.615079365234375 0.8478835980902777 0.6205357143554687 0.8611111111111112 0.6237599204101563 0.8734567899305555 0.6254960317382813 0.9029982361111111 0.6264880952148437 0.9528218697916666 0.6344246030273437 0.9735449739583333 0.634920634765625 0.9823633159722223 0.6316964287109375 0.9863315694444444 0.6279761904296876 0.9894179895833334 0.6202876982421875 0.98985890625 0.5736607143554687 0.9925044088541666 0.54290674609375 1 0.5133928569335937 1 0.45337301611328124
0 0.12566137586805556 0.3368055556640625 0.11640211631944444 0.3407738095703125 0.11728395052083333 0.34499007958984373 0.12477954166666667 0.35193452392578123 0.14329805989583333 0.35094246044921873 0.15520282204861113 0.35218253955078127 0.16446208072916668 0.3546626982421875 0.20017636718749998 0.3544146826171875 0.21913580208333333 0.349702380859375 0.22971781336805558 0.34375 0.22883597916666668 0.3407738095703125 0.21516754861111112 0.33754960302734377 0.18430335069444445 0.33854166650390627 0.15961199305555557 0.3350694443359375 0.14991181684027777 0.3348214287109375 0.12566137586805556 0.3368055556640625
1 0.2786458333333333 0.4833984375 0.049479166666666664 0.0126953125
1 0.6180555555555556 0.42236328125 0.030381944444444444 0.009765625
1 0.8802083333333334 0.505859375 0.044270833333333336 0.0166015625
3 0.3307291666666667 0.5380859375 0.049479166666666664 0.02392578125
3 0.6484375 0.4580078125 0.0390625 0.0126953125
3 0.9296875 0.56005859375 0.015625 0.015625
2 0.3376736111111111 0.56103515625 0.035590277777777776 0.00537109375
2 0.6597222222222222 0.47314453125 0.026041666666666668 0.00537109375
2 0.9322916666666666 0.61767578125 0.043402777777777776 0.01318359375