0 0.4175946476744186 0.4645956015625 0.40042426744186044 0.46683971093750004 0.3906155976744186 0.47289590625000005 0.3648909476744186 0.4805639234375 0.3578534151162791 0.48469998125 0.3514954860465116 0.49182968125000004 0.3501766406976744 0.4954381609375 0.34933429651162795 0.522879434375 0.3496454511627907 0.5887270328125 0.34730589999999995 0.5936349953125 0.3432419534883721 0.6094207515625001 0.34312478023255816 0.6262916484375001 0.34658463255813954 0.6498635609375001 0.34850431395348835 0.6528862890625 0.35969822674418606 0.66307451875 0.36803051744186044 0.6679019359375 0.3750368034883721 0.6766685203125 0.41643136860465113 0.6902119609375 0.42743454999999997 0.6977488703125 0.4353280941860465 0.69991915 0.4400976802325582 0.697384175 0.45578256860465116 0.68352526875 0.4648257104651163 0.6784436859375 0.46964541976744184 0.673593896875 0.4789580581395349 0.6675260671875 0.4863080511627907 0.6604196359375 0.495103176744186 0.6553322359375 0.5138547395348837 0.6488240859375 0.5394218569767442 0.6484312 0.5561463279069767 0.643860640625 0.5786754139534884 0.6347942484375 0.5887392604651163 0.6284131828125 0.5980017744186046 0.6246601671875001 0.6291925383720931 0.6052095515625 0.6454639430232557 0.5986432296875 0.6530476313953488 0.5922039921875 0.6561312290697675 0.5873134828125 0.6613708093023256 0.5745330015625 0.6684656267441861 0.567751440625 0.6828648674418605 0.5674274671874999 0.6940041011627907 0.5686813078124999 0.7022172662790698 0.5675505265624999 0.7064621790697674 0.56632666875 0.7165403465116279 0.559284228125 0.7196167848837209 0.55472440625 0.7218658534883721 0.54253549375 0.7246688918604651 0.4933037265625 0.727843626744186 0.46128518124999995 0.728187334883721 0.44541216562499997 0.7270403430232558 0.44108413750000003 0.720983158139535 0.43432494843749997 0.7084274372093023 0.4297293265625 0.6973168453488372 0.427152734375 0.6710558058139534 0.4252133515625 0.6438671476744185 0.420274509375 0.6339321918604651 0.42070319375 0.6202197127906977 0.423690121875 0.5987113325581396 0.4314570328125 0.5815266313953489 0.4343625203125 0.5590476697674419 0.4411140984375 0.5044125720930233 0.44314117656249996 0.4897151906976744 0.4457741484375 0.46948985348837213 0.4515860171875 0.43670163488372093 0.4531329515625 0.43193920930232554 0.4553372390625 0.4286004325581395 0.46055261875 0.4270980174418605 0.46117909062500007 0.4175946476744186 0.4645956015625
0 0.30036955581395347 0.44576104375 0.30024745813953485 0.5771156937499999 0.34789839883720935 0.589119340625 0.3498252511627907 0.48756203124999997 0.4279864325581395 0.473429225 0.4325439511627907 0.4641016015625 0.5481689220930233 0.4421387171875 0.5469189418604651 0.39929121093750003 0.5407030941860466 0.384630771875 0.4881394279069768 0.38307168125 0.3112320848837209 0.43440410937499996 0.30036955581395347 0.44576104375
4 0.6144029976744186 0.343612478125 0.6038528848837209 0.33807132812499996 0.594132746511628 0.32857937812500004 0.5887408430232558 0.3254752078125 0.5841619872093023 0.330661503125 0.5814383686046511 0.341846715625 0.5746892104651163 0.35558435625 0.5717624930232558 0.38760871875 0.5711206441860465 0.4057907328125 0.5753987546511629 0.414493328125 0.5846873058139535 0.42099745312500003 0.6127703848837209 0.419009303125 0.6186036406976745 0.41319071875 0.6214821872093024 0.4063102640625 0.6202115139534883 0.38477483437500004 0.620090438372093 0.35598754062500004 0.6144029976744186 0.343612478125
0 0.56932595 0.351157434375 0.5654794255813953 0.3454426640625 0.5591241011627907 0.3409924734375 0.552401634883721 0.3305782671875 0.5390732220930233 0.32728794375 0.5332972511627907 0.330461025 0.5328344186046512 0.34037584375 0.5285869011627907 0.3531795921875 0.5297527697674419 0.3680954484375 0.5352924418604651 0.3758350640625 0.545763788372093 0.3850137796875 0.5494553848837209 0.386423790625 0.5598648906976744 0.386998803125 0.5651161872093023 0.38513683906249996 0.5686671755813953 0.381580715625 0.570596623255814 0.3726928640625 0.5709045279069768 0.35847328749999996 0.56932595 0.351157434375
4 0.7553730046511627 0.3882759359375 0.7554660918604651 0.38397699375 0.7609322069767442 0.3721943953125 0.770578788372093 0.362164128125 0.7716424569767443 0.35888051875000004 0.7699851127906976 0.3552022328125 0.765628234883721 0.35013720312499996 0.7524072325581395 0.3418865625 0.7125482825581395 0.337643103125 0.7045688104651162 0.339441078125 0.6997992244186046 0.3419760515625 0.6957092406976744 0.3475046703125 0.6930572279069768 0.3553830046875 0.6929517709302326 0.3831724171875 0.6967123686046511 0.392855440625 0.7010835651162791 0.39725909375 0.7055120488372093 0.39901724375000003 0.7366403186046512 0.4053719125 0.7483328686046512 0.403991884375 0.7558664313953488 0.39986746093750003 0.7574547755813954 0.395272734375 0.7553730046511627 0.3882759359375
1 0.3775158139534883 0.524945715625 0.41184085465116277 0.535752134375 0.41196781976744185 0.5193893234375 0.37972534534883723 0.5089772140625 0.3775158139534883 0.524945715625
1 0.47938560581395345 0.5349118484375001 0.4798053965116279 0.5155252078125 0.4500796779069768 0.5233139437500001 0.45008813720930235 0.54392291875 0.47938560581395345 0.5349118484375001
3 0.4248188965116279 0.629402153125 0.4250704872093023 0.6072839234375 0.3887960546511628 0.5942535343750001 0.38875923837209303 0.5937032859375 0.3864296511627907 0.61728811875 0.4248188965116279 0.629402153125
2 0.3986234988372093 0.67945646875 0.42113826162790696 0.6896828078125 0.4217305127906977 0.683332225 0.3993882465116279 0.672287378125 0.3986234988372093 0.67945646875
1 0.35063641081012925 0.4623610470746054 0.024209380593748487 0.017746607548481917
1 0.6098123489909474 0.36682599918263054 0.007179746708640968 0.009538641233702095
3 0.5918060100538767 0.36562200932890027 0.014754803120407427 0.010497169236879244
2 0.6119580662754047 0.40205043303000637 0.007625807042415207 0.0033022780031771505
1 0.758254248590147 0.3617096253987989 0.007727308303712435 0.00798977800317715
3 0.7466432584902858 0.36065564000929545 0.01415649089468748 0.009702282467404011