0 0.3699523046875 0.4468246609375 0.3441294328125 0.4518849703125 0.3264756828125 0.457561775 0.2900189328125 0.46158828749999997 0.26035260781249997 0.469164184375 0.233879684375 0.47751405 0.1940293046875 0.4850655375 0.18161469375 0.4902628453125 0.151436934375 0.49815210781249997 0.1385108859375 0.5036627828125 0.129568496875 0.50898134375 0.12612866250000002 0.51349838125 0.12262880312499999 0.5246378375 0.11798602656249998 0.5496488609375 0.11440915625 0.5624417546875 0.11258379999999998 0.5749645875 0.10767443750000001 0.5896983046875001 0.1064683296875 0.5995929578125 0.106240465625 0.6151526078125 0.10045318750000001 0.6487355296875 0.10072135625 0.6643125015625 0.0970769765625 0.7105568328125 0.095345615625 0.7263952046875 0.0911972859375 0.7461238828125001 0.0889236890625 0.7629369984375 0.0852978765625 0.8194499734375 0.0850253890625 0.841301353125 0.0879155015625 0.8645880734375 0.09093948125 0.8689996078125001 0.0972030703125 0.8731930453125001 0.13434542656249998 0.8811145984375001 0.150018215625 0.8859678390625 0.219156203125 0.9003063140625001 0.2564063734375 0.905913053125 0.29843203749999997 0.9156612640624999 0.31083283125 0.9160943093749999 0.320582459375 0.9147786453125001 0.36249239218749996 0.9003433390625 0.39067220625 0.89801514375 0.399475978125 0.895672771875 0.413176875 0.8895267046875001 0.4203661703125 0.8791785390625 0.42698400468750003 0.8757661562499999 0.43425189062499997 0.8690642171875 0.44423255156249997 0.8627882359375001 0.451112221875 0.853754159375 0.45718465156250004 0.8407171874999999 0.4621279828125 0.8359214265625001 0.478772684375 0.8252409999999999 0.5109006 0.8074830671875001 0.5178742656249999 0.8017645312499999 0.5488083078125 0.7829712296875 0.5601830671875 0.773431675 0.573976378125 0.7653014796875001 0.599611259375 0.75361009375 0.611422025 0.750710278125 0.6248780734375 0.7551548828125 0.6376655015625 0.7526203984375 0.642933859375 0.7461798578125001 0.64998295 0.7335082171875 0.655140328125 0.7187831625000001 0.6627778640625 0.7041447140625 0.6720282953125001 0.6922123953125 0.6805824671875 0.6845616984375 0.6861450484375 0.67713775625 0.6983408640625 0.6659707453125 0.70912718125 0.6583979953125 0.7153090078125001 0.6483458734374999 0.7196607296875001 0.6349175875 0.7206172390625001 0.6197146078125 0.72287701875 0.608531846875 0.7243141578125 0.5936768765625 0.7214252 0.522362471875 0.720886846875 0.4325815109375 0.7197668171875 0.419293371875 0.716630275 0.40129765468749995 0.7143503421874999 0.3969121046875 0.7051105625 0.39261473593749996 0.6907410453125 0.39178171562499997 0.6799361609375 0.3890858203125 0.6397252015625 0.3830444625 0.6157616578125 0.38551989531249997 0.5736297640625 0.383386165625 0.553230853125 0.383998721875 0.5301053515625 0.38981567500000003 0.5008410624999999 0.39409335625 0.4760888484375 0.402834534375 0.449614340625 0.40588473125 0.42279940624999995 0.41091039531250007 0.40964074687499996 0.41608172187500003 0.406231715625 0.41993738281250004 0.40130536875 0.4297021234375 0.393247228125 0.43737014218750003 0.3699523046875 0.4468246609375
1 0.21987777481650284 0.5546602512659444 0.06055866439185813 0.04423363883740698
3 0.26804979342775265 0.7300620445498552 0.07564000889134022 0.06659971215838496
2 0.2792548130724598 0.8087053997219982 0.05372646753501122 0.03151538402808356
0 0.7227913218750001 0.5951425765625 0.8598929359374999 0.603559515625 0.8926091093749999 0.5538925625 0.9016799140625 0.4955365140625 0.9117663031250001 0.42511846562500005 0.9070430843749999 0.35115890156249996 0.8734590453125 0.3415178734375 0.8287489625 0.336932184375 0.7983984578125 0.345550325 0.7516883953125 0.3741628609375 0.7312514578125 0.394014928125 0.7214850765625 0.47852471249999995 0.7227913218750001 0.5951425765625
0 0.716266075 0.398615409375 0.719825225 0.416258678125 0.72790105625 0.41877640468750005 0.7284797765625 0.3971838390625 0.7489257140625 0.377193578125 0.7976107875 0.3451829375 0.8293420671874999 0.33514257812500003 0.8695643328125 0.339467003125 0.8921173671875 0.3426435234375 0.8900279015624999 0.3362000203125 0.7998722 0.30518060937499997 0.75733960625 0.30342989062500003 0.7381923125000001 0.30408845156250003 0.7256563875 0.30816315781250003 0.7192350000000001 0.3562488234375 0.716266075 0.398615409375
0 0.22738348125000002 0.4729812625 0.23121311718749998 0.476096028125 0.2434121015625 0.4755283484375 0.254307815625 0.47094044999999995 0.2709217109375 0.46092139843749996 0.32018287343749996 0.4593293796875 0.33366814375 0.45781294062500005 0.352065940625 0.45216211875 0.3766641359375 0.44672781875 0.3868003984375 0.442444625 0.39704447656249997 0.43584661718750006 0.41057120156250004 0.41743911718750004 0.4165374 0.41201662499999997 0.42343405624999997 0.4079515265625 0.4464809640625 0.398488346875 0.451656909375 0.3940319359375 0.4574659234375 0.3813169875 0.46203168906250003 0.3579594046875 0.4629419921875 0.3437484890625 0.462427390625 0.3334625234375 0.46074972187499996 0.3214798125 0.4582217734375 0.3170856015625 0.45248502031250004 0.31224810937499997 0.443447053125 0.3089514671875 0.4127546921875 0.3065547625 0.3878437078125 0.3027038203125 0.3776134484375 0.30367147499999997 0.3665005234375 0.30758933593750004 0.3331193515625 0.3073531875 0.3315626265625 0.31601154062500003 0.2973275015625 0.3163535625 0.295735028125 0.32577943593750003 0.257111884375 0.33365591562499997 0.23309446875 0.3396967453125 0.2296949390625 0.37535040468749997 0.2276061640625 0.388195265625 0.2272306140625 0.42826045781250005 0.2240945 0.463592090625 0.22738348125000002 0.4729812625
1 0.29645319913315843 0.35544399046617114 0.02118579528527027 0.019459328130301136
3 0.3261171203494421 0.4409921100662846 0.034013281017246655 0.0269270877489479
1 0.7985229673301235 0.3956697526167067 0.028289819892376045 0.021267364790790035
3 0.8352909131535131 0.479900908877309 0.04011773180303493 0.024020342558271325
2 0.8356847113342674 0.5722520999843016 0.03194135876750579 0.01593502404661713