0 0.4338940186046512 0.42158775468750004 0.3856480651162791 0.4309793375 0.37265878372093025 0.43932740781249996 0.23475578488372092 0.464897440625 0.20321031511627907 0.4726194046875 0.1980146104651163 0.48618502656249996 0.17945848953488372 0.47908915781249994 0.17764192790697672 0.49445288437499996 0.17411459069767443 0.544552090625 0.17720101046511627 0.5552167734375 0.18690118720930232 0.5681135984375 0.1899876069767442 0.57778621875 0.19439677790697674 0.5847306624999999 0.20806520813953489 0.5886989171875 0.22878831162790697 0.59068304375 0.2662662662790698 0.5899389953124999 0.3134443965116279 0.5869628046875001 0.35621335581395347 0.5874588375 0.3694408697674419 0.5891949484375 0.3809047139534884 0.5919231234375 0.3861957197674418 0.5919231234375 0.41882358604651165 0.587706853125 0.4351375186046512 0.5832425671875 0.4558606220930233 0.5713378046875001 0.48319748372093024 0.5604251062500001 0.49598407906976744 0.5522405828125 0.5153844325581396 0.5455441546875 0.525084608139535 0.5405838375 0.5616807279069768 0.53091121875 0.5766719104651162 0.5224786781249999 0.6013632686046512 0.5056135984375 0.6120328825581396 0.493589896875 0.6049815744186046 0.42054424375000005 0.5942189965116279 0.4126135796875 0.5689826337209303 0.412404871875 0.5029228279069767 0.41323968593749993 0.47174852674418605 0.4155353984375 0.4338940186046512 0.42158775468750004
0 0.6274250441860466 0.390873015625 0.6067019395348838 0.39732142812500004 0.5956790127906977 0.40228174531249994 0.5767195767441861 0.41617063437499996 0.5767195767441861 0.42113095312500004 0.5903880069767442 0.4327876984375 0.5965608465116279 0.44097222187499996 0.6000881837209302 0.484126984375 0.6018518523255814 0.4895833328125 0.606261023255814 0.4920634921875 0.6287477953488373 0.493303571875 0.6578483244186046 0.4925595234375 0.6834215162790699 0.4985119046875 0.7054673720930233 0.49156746093750003 0.7147266313953489 0.4831349203125 0.7173721337209302 0.477678571875 0.7222222220930233 0.4228670640625 0.7213403883720931 0.403769840625 0.7191358023255814 0.3953373015625 0.7160493825581395 0.39112103125000003 0.7085537918604652 0.388144840625 0.6940035279069767 0.387896825 0.6829806 0.3893849203125 0.6432980604651162 0.3888888890625 0.6274250441860466 0.390873015625
0 0.2001763662790698 0.353174603125 0.19753086395348837 0.36631944375000003 0.2010582011627907 0.3762400796875 0.20546737209302326 0.3804563484375 0.2142857139534884 0.3824404765625 0.22354497325581393 0.3829365078125 0.2689594360465116 0.3829365078125 0.29100529069767445 0.3799603171875 0.305114638372093 0.3797123015625 0.3165784837209302 0.38194444375000003 0.3311287476744186 0.3826884921875 0.34700176395348836 0.3854166671875 0.3558201058139535 0.3859126984375 0.3650793651162791 0.3841765875 0.3800705465116279 0.384424603125 0.38800705465116275 0.3814484125 0.3915343918604651 0.3787202375 0.3932980604651163 0.368799603125 0.3919753081395349 0.3539186515625 0.3849206348837209 0.34821428593750003 0.37962962906976744 0.3459821421875 0.36728395116279067 0.3477182546875 0.3377425046511628 0.3489583328125 0.24955908255813955 0.3449900796875 0.2142857139534884 0.34821428593750003 0.20546737209302326 0.3501984125 0.2001763662790698 0.353174603125
0 1 0.453373015625 0.988095238372093 0.45114087343750003 0.978395061627907 0.45114087343750003 0.9369488534883721 0.4548611109375 0.9029982360465116 0.46031746093750003 0.8862433860465116 0.4640376984375 0.8571428569767442 0.4670138890625 0.8205467372093024 0.47470238125 0.7910052906976744 0.48214285781250005 0.7857142860465116 0.48363095312500004 0.7813051151162791 0.48635912656249997 0.7746913581395348 0.49627976250000005 0.7671957674418605 0.518105159375 0.7654320988372093 0.5300099203124999 0.7658730162790698 0.5572916671875 0.7636684302325581 0.5699404765625 0.7636684302325581 0.5927579359374999 0.76675485 0.6056547625 0.7711640209302325 0.609375 0.7870370372093023 0.606894840625 0.8090828918604651 0.6113591265625 0.8346560848837209 0.615079365625 0.8478835976744186 0.6205357140625 0.861111111627907 0.6237599203124999 0.8734567906976743 0.62549603125 0.9029982360465116 0.6264880953125 0.9528218697674419 0.634424603125 0.973544973255814 0.634920634375 0.9823633151162791 0.6316964281249999 0.9863315697674419 0.627976190625 0.9894179895348837 0.6202876984375 0.9898589069767442 0.5736607140625 0.9925044093023256 0.5429067453124999 1 0.5133928578125 1 0.453373015625
0 0.1172839511627907 0.3449900796875 0.12477954186046512 0.3519345234375 0.14329806046511628 0.3509424609375 0.15520282209302325 0.3521825390625 0.16446208139534882 0.3546626984375 0.2001763662790698 0.3544146828125 0.2191358023255814 0.34970238125 0.2297178127906977 0.34375 0.22883597906976746 0.340773809375 0.21516754883720932 0.337549603125 0.18430335116279067 0.3385416671875 0.1596119930232558 0.33506944375000003 0.14991181627906977 0.33482142812500004 0.12566137558139534 0.33680555624999997 0.11640211627906977 0.340773809375 0.1172839511627907 0.3449900796875
1 0.27848837209302324 0.48359375 0.05 0.0125
1 0.6186046511627907 0.42265625 0.030813953488372094 0.01015625
1 0.8796511627906977 0.50625 0.044767441860465114 0.0171875
3 0.3302325581395349 0.53828125 0.05058139534883721 0.02421875
3 0.6482558139534884 0.4578125 0.03953488372093023 0.01328125
3 0.9296511627906977 0.56015625 0.015697674418604653 0.015625
2 0.3372093023255814 0.5609375 0.03604651162790698 0.00546875
2 0.6593023255813953 0.4734375 0.02616279069767442 0.00546875
2 0.9319767441860465 0.61796875 0.0436046511627907 0.01328125