0 0.17990487743068906 0.6302186872459868 0.34440020535443605 0.4130001255080263
4 0.6492997597359373 0.5977990971294964 0.19928830275664816 0.4615936765033945
4 0.8534787451254408 0.6027378233850638 0.2294104050301243 0.3538973631835546
4 0.530300343745469 0.6345322144969223 0.06571827759614006 0.18765048620519006
1 0.7001746927725343 0.46610868385508475 0.035506851866439246 0.06664526741285463
1 0.9228815357105198 0.50213695782666 0.031164225243233545 0.04144054952503016
1 0.09979286322722955 0.47567835142490955 0.054547178165332985 0.0395438568519765
3 0.14914975527171048 0.615409236771017 0.047447744317957154 0.03526911465389269
3 0.6251610560030592 0.4692580173013129 0.07422843262955983 0.049161196291098365
3 0.8673446018631438 0.5011377018337662 0.05144945170428343 0.04094258254171699
2 0.9445907146866315 0.670685561965103 0.02446421185055314 0.015331750904511133
2 0.7235651485340074 0.6861788444159629 0.041774442775829715 0.02326375961093845
2 0.1491242560824894 0.7483445675037116 0.03781364569792891 0.019934041723114148