0 0.50078125 0.65390625 0.4953125 0.52109375
0 0.334375 0.4046875 0.1953125 0.228125
0 0.790625 0.43359375 0.146875 0.25703125
0 0.36953125 0.26875 0.11484375 0.0953125
1 0.3734375 0.596875 0.0578125 0.0375
1 0.3046875 0.35703125 0.02734375 0.01640625
1 0.7828125 0.3796875 0.0375 0.0265625
3 0.3390625 0.43125 0.03125 0.02578125
3 0.82109375 0.45703125 0.03125 0.01953125
3 0.42265625 0.75078125 0.065625 0.06171875
2 0.43984375 0.821875 0.04375 0.0234375
2 0.34296875 0.50390625 0.03203125 0.01640625
2 0.82578125 0.54296875 0.03125 0.021875