0 0.6645227611928182 0.4970756444979461 0.5031957575747736 0.43275294483978577
4 0.24433641395178007 0.49678275712613595 0.2540854709400421 0.30849577625995883
4 0.07563067955561234 0.4876076485880742 0.10937275723608923 0.1966369707705402
1 0.7803890213695834 0.33408624802144293 0.04472932383528967 0.03484401293212373
1 0.3059113217991247 0.402663032594672 0.027913638059640887 0.026554139812585652
1 0.10121717774659003 0.4383517946688659 0.020800500904511177 0.024787051332783604
3 0.8536671483479479 0.49313698759660174 0.07227779172311415 0.03954588479802066
3 0.2584597896869491 0.40795593784666384 0.06973264586155707 0.02075042069139794
3 0.06762342774659003 0.4393292729612536 0.049665807326946275 0.024846887305303156
2 0.8547051051544958 0.6323813440230924 0.05270892017181659 0.023375315518548413
2 0.3436647065794053 0.5557054645688411 0.04333392017181659 0.02310253087881229
2 0.11900222127872637 0.5239028497625732 0.017678822930778538 0.00987510517284953