0 0.4371681697674419 0.41432569375000006 0.42576373604651163 0.41381662031250005 0.41735696976744185 0.411700640625 0.41054998372093027 0.401010046875 0.40315246279069766 0.3975868296875 0.3984487523255814 0.3968517734375 0.3820797046511628 0.396595828125 0.35103476511627907 0.39941796093750004 0.3355418 0.4081061 0.3284899662790698 0.41626471093750006 0.31996721976744186 0.42307730625 0.31660984999999997 0.43327821406249994 0.3125986406976744 0.4365230453125 0.2976446639534884 0.44191206093749996 0.2923761918604651 0.446460253125 0.2883263232558139 0.45268127500000005 0.28549935 0.4602444375 0.2785870151162791 0.4958578953125 0.2807578918604651 0.5197062 0.2814149011627907 0.5455153609375001 0.27882622558139536 0.57292755 0.2780423906976744 0.5950758796875 0.2778694395348837 0.6274871640625 0.27980089302325584 0.650670215625 0.28421363139534883 0.6547082718749999 0.29460022906976746 0.6571859609375 0.3473502895348837 0.663964346875 0.3816397860465116 0.6787229609375001 0.38831903255813954 0.6801504171875 0.40741625465116277 0.6804490203125 0.42233586744186047 0.6777055078124999 0.43822177093023257 0.676961634375 0.4488864534883721 0.6771283875 0.4726530209302326 0.68080755 0.4875898151162791 0.6767412859374999 0.5050797941860465 0.6670921078125 0.5133545244186046 0.6602756359375 0.5208422523255813 0.656754409375 0.5496894139534884 0.651251871875 0.5648914069767441 0.645866734375 0.5846135279069767 0.6362524578125 0.6007732209302326 0.633528334375 0.6129947279069767 0.62842735 0.6355469895348838 0.630102996875 0.6655655011627908 0.629910853125 0.676499676744186 0.6284280453125 0.6887125930232558 0.6239884359375 0.6937158662790698 0.6207591171875 0.6974962430232559 0.6161876562499999 0.7041379558139534 0.60140753125 0.7099239372093024 0.59521365625 0.7296116930232558 0.5882448828125 0.763082076744186 0.5705766984375 0.7651005686046511 0.5679622203125 0.7682056255813954 0.5580881203125 0.7708157790697674 0.52902249375 0.768688984883721 0.4826835390625 0.7692634651162791 0.4575551421875 0.7680932430232559 0.43306097499999996 0.7684712534883721 0.40396044687500005 0.7671077290697674 0.39434723125 0.7656668848837209 0.390686396875 0.7546436290697675 0.3799298796875 0.7167702255813954 0.37371485625 0.7026891627906977 0.3691948703125 0.6900489453488372 0.3683357203125 0.678353538372093 0.37112964531250003 0.6165331523255815 0.37512435 0.5760249488372093 0.3807753109375 0.5394463395348837 0.389464509375 0.5237526104651163 0.394511203125 0.5032864418604651 0.4041138453125 0.48641277209302325 0.40451152031250004 0.47446075930232556 0.40796294218750007 0.46551929999999997 0.40881540000000005 0.4516390023255814 0.407936859375 0.4471489430232558 0.4098511828125 0.44563507441860467 0.4118120421875 0.4371681697674419 0.41432569375000006
1 0.33646451555655804 0.4655106527291334 0.03752389942603185 0.024800552673454136
3 0.3567887931166735 0.5572532573997242 0.029965759891148126 0.024682374005408826
2 0.3684022887377937 0.6480782520687242 0.02748795409235548 0.01292726133831792
2 0.7393178082171786 0.4311763941358574 0.029925166716896264 0.021557374005409004
0 0.7426197186046511 0.3698192234375 0.786971603488372 0.37382025625000004 0.802596603488372 0.37406456875 0.8075741034883721 0.372819375 0.8165756999999999 0.367337290625 0.8211216011627908 0.36112402499999996 0.82370915 0.35289560937500003 0.8221525395348838 0.2817589453125 0.8195114046511628 0.25591875937499997 0.817839726744186 0.25093129531249997 0.8095446453488372 0.240217434375 0.7943094151162791 0.229064303125 0.7718473593023256 0.2204442109375 0.7473582220930233 0.215099975 0.7401700569767442 0.2146568265625 0.7061274488372092 0.21908586406250002 0.6943933825581395 0.22485598125 0.6918616767441861 0.22878545468749997 0.6878665220930232 0.24989130624999997 0.6876431523255814 0.26708707343750004 0.6921567302325581 0.3015561671875 0.692480938372093 0.31479143593750003 0.6955204360465116 0.329061428125 0.7000909825581396 0.3400478078125 0.7062011732558139 0.3470892 0.7177763034883721 0.3535545328125 0.731771453488372 0.364688275 0.7426197186046511 0.3698192234375
0 0.8073012186046512 0.246904828125 0.8299065930232558 0.2577350734375 0.8348669104651163 0.2578126328125 0.8463946383720931 0.2587265828125 0.8532742081395349 0.2588341515625 0.8542680232558139 0.241184678125 0.8546428325581396 0.2058625578125 0.855469623255814 0.18040735000000002 0.8538151290697675 0.1740971359375 0.8474483325581396 0.16771324062499998 0.8305703662790698 0.16844160156250002 0.8068252755813954 0.163109 0.783785573255814 0.16076422343750002 0.7508080523255815 0.159587078125 0.7247534999999999 0.1601719546875 0.7064175081395349 0.158562234375 0.6957313476744187 0.1600489203125 0.6843226174418605 0.159870534375 0.6702114860465117 0.1576653640625 0.6570666441860465 0.1574598328125 0.651173273255814 0.171920903125 0.6510303930232557 0.202017375 0.6470137593023255 0.22477666406250002 0.6510582069767442 0.2380701046875 0.6559111348837209 0.24641485937500002 0.6700394476744186 0.2472972796875 0.6787457779069768 0.2454488796875 0.6842751511627907 0.239912503125 0.689342858139535 0.23172286562500002 0.6936063790697674 0.228151225 0.7123814313953488 0.21654516093749998 0.7704314581395348 0.2208499421875 0.8073012186046512 0.246904828125
1 0.7833906013301737 0.2615184221434934 0.015268503473210985 0.011955107336090797
1 0.8315086022358421 0.18334851615208392 0.014065119601285238 0.008811926002545345
3 0.797296290850203 0.3101831888128115 0.017594084868560088 0.011991470003181704
3 0.8438629232870554 0.2171422608210838 0.011749686499499232 0.009556813335454528
2 0.8474963141057104 0.2507996454884929 0.009975055572298844 0.0071857913351363045
2 0.8025317916054887 0.35480534548053866 0.019889221383220163 0.009684082670272608