0 0.16875 0.6390625 0.3375 0.3953125
4 0.63828125 0.63125 0.19140625 0.4515625
4 0.8421875 0.646875 0.2234375 0.3421875
4 0.51875 0.66171875 0.0625 0.184375
1 0.69140625 0.50234375 0.034375 0.06484375
1 0.91328125 0.55 0.03046875 0.03984375
1 0.09140625 0.48046875 0.05390625 0.03671875
3 0.13828125 0.62265625 0.046875 0.0328125
3 0.61640625 0.5015625 0.0734375 0.0453125
3 0.8578125 0.54609375 0.05078125 0.03828125
2 0.93203125 0.71953125 0.02421875 0.0140625
2 0.7109375 0.7234375 0.04140625 0.02109375
2 0.1359375 0.75546875 0.0375 0.01796875