0 0.6139619546511629 0.6575527171875 0.6201823186046512 0.66981449375 0.6218619523255814 0.6800331984375 0.624475888372093 0.6832748421875 0.6337480313953489 0.68605375625 0.695599538372093 0.6921234093749999 0.7124077127906976 0.6975725781250001 0.7253427616279069 0.699261575 0.7319432058139534 0.69175969375 0.7390201441860466 0.678131540625 0.7536322569767442 0.655740840625 0.7608034662790698 0.6271680734375 0.7647118197674418 0.5917952796875 0.7647869802325582 0.5764097484375 0.7575910953488372 0.5302283984375 0.7553568116279069 0.501506696875 0.7504338616279069 0.4906452828125 0.7454157825581396 0.483295684375 0.7311633546511628 0.46833260781249997 0.7111492302325582 0.451689765625 0.6881402302325582 0.44013613593749995 0.6580538662790698 0.4364942625 0.6249344046511628 0.43705976875 0.6114273104651163 0.43929245781250004 0.6068870069767441 0.44296578750000004 0.6010497209302325 0.45095515312499995 0.597063211627907 0.46169867968749995 0.5959000046511629 0.46910113593749997 0.595558573255814 0.495463028125 0.5970122999999999 0.546121928125 0.5956609767441862 0.5891300140625 0.598201465116279 0.6306227890625 0.6004726872093024 0.643077125 0.605757891860465 0.6508831625 0.6139619546511629 0.6575527171875
0 0.45708086162790695 0.6275069640625001 0.46221317790697675 0.6317856671875 0.4643119720930232 0.6345553484375 0.4666783209302326 0.6434978703125 0.46881533604651165 0.647149384375 0.47835460465116275 0.6503847375 0.5030988604651163 0.650614221875 0.5254776209302325 0.6533339859375 0.5442317 0.6580254984375 0.5565751604651162 0.6574788671875 0.5638627488372093 0.6544171999999999 0.5899409255813953 0.6340632828125 0.594328338372093 0.626862615625 0.5967689918604651 0.60898680625 0.5961943755813953 0.5786100921874999 0.5932164720930232 0.555558225 0.5930049662790697 0.5335589359374999 0.5959399395348837 0.49284856875000005 0.5980187651162792 0.483744534375 0.5977703209302326 0.4780126125 0.5894893860465116 0.46386298750000005 0.5577229593023256 0.44428600781250005 0.5491944360465116 0.43583726250000004 0.5366025325581395 0.43065197343749995 0.5237621837209302 0.41973476249999997 0.5043787232558139 0.4176421828125 0.47120193023255813 0.41688493906249996 0.4467821360465116 0.4184346453125 0.43627034186046515 0.42129451875 0.4318255941860465 0.4271724328125 0.4308148488372093 0.432385828125 0.43428921046511626 0.46118514218750006 0.43324152674418603 0.48266590000000004 0.4344480918604651 0.544742078125 0.43742899069767444 0.607808746875 0.43834503837209304 0.61182356875 0.4421612593023256 0.6199773890625 0.44448895813953493 0.6223216765624999 0.45708086162790695 0.6275069640625001
0 0.277667261627907 0.5797813125 0.30204969069767446 0.588782571875 0.3148518151162791 0.59881795 0.3286838 0.60408085 0.3949995930232558 0.61042990625 0.42892000581395345 0.60551731875 0.4348146267441861 0.5988507046875 0.4364929755813954 0.5919202078125 0.43710281860465117 0.5831639562500001 0.435075761627907 0.51927754375 0.43797122674418604 0.4605361421875 0.43772278372093026 0.45480421875 0.43562356162790694 0.44631813749999993 0.4287925 0.4313798140625 0.421847626744186 0.42522878906250006 0.407958738372093 0.4243595375 0.383023373255814 0.41972087968749994 0.36924829534883724 0.41006433124999997 0.3596708034883721 0.40594714375 0.3420998988372093 0.405726890625 0.29980342209302324 0.40000167031249995 0.2713771523255814 0.40042118281250005 0.2424743906976744 0.40696696875000005 0.24510786511627908 0.4163659296875 0.2560592127906977 0.42364714843750007 0.2594745313953489 0.42825810937500003 0.26170710116279067 0.4341142109375 0.2636156406976744 0.44390752187500004 0.2682166988372093 0.48728814375 0.26879217209302325 0.5290976578125 0.26688662790697676 0.5593191484375 0.26780310465116275 0.5690503687499999 0.2694823104651163 0.5735526734375 0.277667261627907 0.5797813125
0 0.21482369069767443 0.57364956875 0.22640399186046511 0.5726154515624999 0.23432181744186045 0.57838765 0.2405986581395349 0.5805393765625 0.2523696430232558 0.57819803125 0.2591038651162791 0.57378256875 0.26545586744186045 0.560548765625 0.26665686744186046 0.5483117421875 0.2648209209302326 0.4888345 0.2647784197674419 0.430788665625 0.2615716127906977 0.408162190625 0.25416893023255815 0.4028619546875 0.2327626918604651 0.3940469640625 0.19357618488372091 0.39159442968749997 0.18758600930232558 0.396056459375 0.18369462790697674 0.40328816874999995 0.18398257790697675 0.4270511265625 0.1828206558139535 0.451602784375 0.1836237476744186 0.47583770156250005 0.18072614186046512 0.5059971015625 0.18171991744186047 0.5289247921875 0.1813202965116279 0.5425311328125 0.18254169302325582 0.547884228125 0.18929631046511627 0.5610588828124999 0.19706167558139534 0.56902014375 0.20137350116279068 0.571488609375 0.21482369069767443 0.57364956875
1 0.2217516863792684 0.4073395808506309 0.023385529486552124 0.017825354838564244
1 0.30245831844007054 0.4232985287409351 0.028341454083778878 0.025147703266987696
1 0.4841922915067565 0.4424638674494489 0.038671120671057886 0.022677674730940466
1 0.6560425436432099 0.4610106219975628 0.03952341540347661 0.02896406203449331
3 0.6907788040347843 0.5668090117823151 0.03665030108223819 0.02956337551672874
3 0.5136001406486799 0.5323461588057776 0.029092161547354205 0.02909034057054054
3 0.329647907614215 0.5021341581866052 0.02293958382950561 0.020913967535011225
3 0.23529828314657564 0.47908830231458366 0.01692245580344751 0.015862594499482085
2 0.2382443139430225 0.5470570523145837 0.017334539037546334 0.011992731803034928
2 0.3314311477129874 0.5700301335794993 0.02331780464065681 0.016262854838564066
2 0.5224221156206672 0.6154861445377541 0.03084208175259291 0.015954639784752266
2 0.6993241454644633 0.6569438602107385 0.03285716718268579 0.022313801695410973