0 0.638670564165667 0.49134770126793936 0.179370074586922 0.2683006999091429
0 0.47763386044480266 0.4802917718238686 0.17472721460545557 0.2470022320213186
0 0.3057142204262693 0.46824655246570623 0.2008978450053421 0.21484150723608925
0 0.18581094819375069 0.4628331134106971 0.09480161242853727 0.19134537426483095
1 0.19091016516145892 0.38380403267800245 0.02322916887447395 0.017593613749381377
1 0.27099696924514294 0.3905243441888203 0.028162205534962848 0.024870525214770643
1 0.4519741507334887 0.38883793419376905 0.038990578130301046 0.02231873530067894
1 0.6235763322218343 0.38764284712949637 0.039208832939624474 0.028568735300678938
3 0.6496353460168324 0.4899932411820311 0.036892364790789854 0.029227154567984213
3 0.4738913015517953 0.475808989711693 0.029079864790789854 0.028817718792335613
3 0.2917335659797655 0.46663978686187396 0.022557046279135663 0.020677670171816587
3 0.19858376670540495 0.45436551616965914 0.016924605172143135 0.01570356512886235
2 0.19699149565401272 0.5222933225920942 0.017569445916315995 0.01183825870642714
2 0.2877975449283733 0.5346904240170037 0.023174605172143183 0.016031113749381376
2 0.47646817532825986 0.5583348846687388 0.03095982332097762 0.015659299525030156
2 0.6511854331328083 0.5795913297166418 0.03274057813030105 0.021991186680159914