0 0.5575396828125 0.41790674531249994 0.54431216875 0.4166666671875 0.53174603125 0.41964285781250005 0.51917989375 0.4208829359375 0.477843915625 0.42237103125 0.45667989374999995 0.424603175 0.43981481406249995 0.424355159375 0.43187830624999995 0.42559523749999995 0.4265873015625 0.428571428125 0.42394179843749996 0.43402777812500004 0.41832010625000005 0.46502976250000005 0.41038359843750005 0.5520833328125 0.40972222187499996 0.5858134921875 0.4113756609375 0.6180555562500001 0.4143518515625 0.6272321421875 0.41832010625000005 0.6316964281249999 0.43320105781249996 0.6319444437499999 0.46858465625 0.6359126984375 0.4765211640625 0.6426091265625 0.4828042328125 0.653273809375 0.48644179843749996 0.656001984375 0.49140211562499997 0.6577380953125 0.500661375 0.65674603125 0.5175264546875 0.6517857140625 0.5353835984375 0.6520337296875 0.5552248671875 0.6478174609375 0.5704365078125 0.65029761875 0.5975529093749999 0.6493055562500001 0.6236772484374999 0.65302579375 0.6451719578125 0.652777778125 0.6524470906250001 0.6510416671875 0.6633597890625 0.646329365625 0.6861772484374999 0.643601190625 0.6957671953125 0.64012896875 0.709325396875 0.625744046875 0.7123015875 0.6210317453124999 0.7242063484375 0.596726190625 0.7278439156250001 0.5823412703125 0.7278439156250001 0.5555555562500001 0.7228835984375 0.518601190625 0.721230159375 0.493799603125 0.71891534375 0.4833829359375 0.7106481484375 0.466021825 0.69973545 0.453373015625 0.688161375 0.44345238125 0.671296296875 0.43179563437499996 0.6630290999999999 0.42385912656249997 0.650132275 0.41468253906249997 0.6458333328125 0.4126984125 0.634589946875 0.4126984125 0.6084656078124999 0.41592261875 0.5892857140625 0.4171626984375 0.5575396828125 0.41790674531249994
0 1 0.584325396875 0.9980158734375 0.5731646828125 0.996362434375 0.547123015625 0.9927248671875001 0.5292658734375 0.9923941796875001 0.5014880953125 0.9890873015625001 0.4861111109375 0.9824735453125 0.4702380953125 0.9798280421875001 0.456101190625 0.9738756609375001 0.452876984375 0.9613095234375001 0.4516369046875 0.8955026453125001 0.45089285781250005 0.8449074078125 0.4521329359375 0.81845238125 0.456101190625 0.813161375 0.4583333328125 0.8115079359375 0.4605654765625 0.8052248671875001 0.48015872968749995 0.802910053125 0.493303571875 0.8039021156249999 0.5714285718750001 0.80621693125 0.59697420625 0.8105158734375 0.6044146828125 0.8134920640625 0.606646825 0.8191137562499999 0.608630953125 0.8230820109374999 0.609375 0.8763227515625 0.60887896875 0.88723545 0.610119046875 0.909722221875 0.60987103125 0.9358465609375 0.6041666671875 0.9864417984375 0.6029265875 1 0.5992063484375 1 0.584325396875
4 0.7268518515625 0.5042162703125 0.7261904765625 0.531498015625 0.7298280421875 0.5458829359374999 0.7324735453125 0.5486111109375 0.735119046875 0.5491071421875 0.7450396828125 0.546875 0.7678571421875 0.54737103125 0.7761243390625 0.546130953125 0.7824074078125001 0.54365079375 0.7857142859375 0.541170634375 0.791005290625 0.531498015625 0.7896825390625 0.5069444437499999 0.7860449734375 0.4982638890625 0.78108465625 0.49305555625 0.7721560843749999 0.4895833328125 0.7427248671875 0.4893353171875 0.7357804234375 0.4898313484375 0.7321428578125 0.4920634921875 0.7268518515625 0.5042162703125
1 0.54140625 0.4359375 0.06171875 0.01953125
3 0.60625 0.52734375 0.0765625 0.0359375
2 0.6359375 0.565625 0.05625 0.0140625
1 0.89140625 0.4609375 0.028125 0.01328125
3 0.94921875 0.5203125 0.0546875 0.0140625
2 0.94921875 0.57265625 0.0453125 0.009375
1 0.77109375 0.5 0.0140625 0.0078125
3 0.75078125 0.5 0.028125 0.0078125
2 0.78125 0.5296875 0.01015625 0.003125