0 0.5903115662790698 0.5890654765625001 0.5884448406976744 0.616197390625 0.5840764813953488 0.6383883765625 0.5843860604651162 0.6526060140625 0.588119184883721 0.6555531203125 0.5983035848837209 0.659111190625 0.6027850499999999 0.66304454375 0.608839084883721 0.6864768453125001 0.6110884081395349 0.69042765 0.6143226360465116 0.6927172578125 0.6396302779069768 0.6948343046875001 0.7182284023255814 0.6889286625000001 0.7732993790697674 0.691143725 0.7874233988372094 0.6880570171875 0.7891480558139535 0.6853979421874999 0.7915824 0.6747965421875 0.7962445906976744 0.663185628125 0.7989197906976744 0.6509288515625 0.7965874267441861 0.627798153125 0.7979065779069767 0.5887653562499999 0.7978152744186047 0.5103904015625 0.7964692476744186 0.4859291953125 0.7931247755813954 0.45817662343750004 0.791735796511628 0.42379478437499996 0.7899667558139535 0.4162025359375 0.787710273255814 0.41059829375 0.7854666779069768 0.407970240625 0.7747776558139534 0.40243192031249997 0.7419980395348837 0.3930979109375 0.7139464744186046 0.387364628125 0.6913741674418604 0.38687969375 0.6628580686046512 0.3884254203125 0.643283426744186 0.3928775375 0.6247180302325582 0.4012901515625 0.6019306360465116 0.40841297499999996 0.5977286837209301 0.411752815625 0.5920644069767442 0.42105666875000003 0.5908515302325581 0.42734943437500006 0.5897302848837209 0.45480621718750003 0.5900684988372094 0.4756376109375 0.5888828255813954 0.48821344375000003 0.5896165232558139 0.543103746875 0.5889698337209303 0.5655963359375 0.5903115662790698 0.5890654765625001
4 0.26671688023255813 0.593834525 0.26801565930232557 0.60738303125 0.2660816430232558 0.6189726171875 0.26667073720930234 0.6404634484375 0.2684469372093023 0.6497091359375 0.27194636279069767 0.6559650593749999 0.27990291511627907 0.66053264375 0.2863556220930233 0.6614742953125 0.3215681488372093 0.65987621875 0.32802658372093024 0.6621406203125 0.3461746953488372 0.671919715625 0.3945463813953488 0.6735257531250001 0.45733018953488375 0.681302403125 0.48602701279069765 0.6642124109374999 0.5127225279069767 0.6431696734375 0.5461359476744186 0.6270349046875 0.5547749837209303 0.6173770953125 0.5621596220930233 0.604422103125 0.5665652069767442 0.590829 0.5693824755813953 0.554099384375 0.5711905 0.51340926875 0.5716797 0.4545410203125 0.5708783837209302 0.441319321875 0.56785065 0.42943782812500003 0.5633548662790697 0.4221975953125 0.5396988651162791 0.400556396875 0.5188240116279069 0.39112931875 0.47105892674418604 0.35777143125 0.4608730953488372 0.3538826734375 0.45441752441860467 0.3522796453125 0.4241467023255814 0.349540003125 0.3410499313953488 0.3475440359375 0.32940034302325577 0.3492886046875 0.292490361627907 0.3598288265625 0.28607058372093025 0.3664929953125 0.2819058558139535 0.37843071875 0.2799718395348837 0.39002030312499997 0.2803386895348837 0.41746545468749996 0.27678023604651164 0.4548622625 0.2757076697674419 0.49356243437499997 0.2740259639534884 0.50614214375 0.2728904011627907 0.53029205 0.2695771 0.56702554375 0.2669119220930233 0.5815971375 0.26671688023255813 0.593834525
4 0.2590555906976744 0.6001776999999999 0.2654911186046512 0.597151096875 0.26843724302325583 0.5901833875 0.2715741127906977 0.5699862234374999 0.27249602209302326 0.5537747640624999 0.2756171430232558 0.529940034375 0.2761807930232558 0.4882675515625 0.27670017441860467 0.4645939375 0.27899786627906975 0.4410664421875 0.28033507906976746 0.41738652500000006 0.24536845116279069 0.4177388421875 0.23965835930232557 0.41646068593749996 0.21710752674418604 0.42093606718750004 0.21116516744186048 0.4232974171875 0.20523855930232557 0.4292963328125 0.2003240569767442 0.43991712187500004 0.20055026976744186 0.49216579843749997 0.20210136162790698 0.5067044296875001 0.20358053953488373 0.561919603125 0.2056018906976744 0.570501975 0.21605721395348837 0.5793491125 0.22604084418604653 0.5938218203125001 0.2325021430232558 0.5967475984374999 0.2441703430232558 0.599301971875 0.2590555906976744 0.6001776999999999
0 0.06442264534883721 0.5512999640625 0.0721309069767442 0.5509952984375001 0.07837109534883721 0.5492468921875 0.08180994069767442 0.5483701921875 0.08254403953488372 0.54122603125 0.08429004999999999 0.532204378125 0.09217302558139534 0.5270438796875 0.09926598837209304 0.516110828125 0.10766338604651163 0.51196608125 0.12182113488372093 0.5130451421875 0.12017118372093023 0.4853541609375 0.11149587790697674 0.4821465625 0.09805612906976745 0.47226998125 0.05813524069767442 0.47396554531249996 0.03557009069767442 0.47513405000000003 0.026348258139534883 0.480293846875 0.019338648837209302 0.48102849374999995 0.016286722093023256 0.48292194374999997 0.016192341860465115 0.49057099062500004 0.016864425581395347 0.498553971875 0.016309339534883723 0.5175941015625 0.021545701162790695 0.5195927124999999 0.028725481395348838 0.528714553125 0.031850256976744186 0.5436468156250001 0.03035041627906977 0.5506270109375 0.036860318604651165 0.5522757328125001 0.06442264534883721 0.5512999640625
3 0.04701339476422928 0.5184000211754347 0.014558560935277142 0.005582379488495093
1 0.05038338078551797 0.49102900009819594 0.009920927981349139 0.00867101805217665
2 0.04827089431929133 0.5402659308163551 0.008741224987712636 0.004755677693097126
1 0.41170348397575235 0.4171081484244348 0.04728582342978175 0.044899409542724554
3 0.33087938310980297 0.41539617838046816 0.06472091897651314 0.04347326492891881
2 0.4357237337067267 0.5934888412428425 0.04193826167770461 0.01829600292686635
1 0.6884273752671095 0.41025714296348575 0.03499872454277455 0.026835210772388506
3 0.7214522941705466 0.5178151129092564 0.04722493916431811 0.030836909542724555
2 0.7603960227973207 0.649546381059629 0.04776574500284623 0.021466454722264317