0 0.6084656087239583 0.415922619140625 0.5892857141927084 0.4171626982421875 0.5575396822916666 0.41790674609375 0.5443121692708334 0.41666666650390627 0.5317460319010416 0.41964285693359377 0.5191798938802084 0.4208829365234375 0.4778439153645833 0.4223710317382813 0.45667989388020835 0.4246031748046875 0.4398148151041667 0.4243551586914063 0.43187830664062504 0.42559523828125 0.4265873014322917 0.4285714287109375 0.42394179882812505 0.4340277778320312 0.41832010611979165 0.46502976171875 0.41038359765625 0.5520833334960937 0.40972222200520836 0.5858134921875 0.4113756614583333 0.6180555556640625 0.4143518515625 0.6272321430664063 0.41832010611979165 0.6316964287109375 0.43320105794270836 0.6319444443359375 0.46858465625 0.6359126982421875 0.4765211640625 0.642609126953125 0.4828042330729167 0.6532738095703124 0.48644179882812505 0.6560019838867187 0.4914021165364583 0.6577380952148437 0.5006613756510417 0.6567460317382813 0.517526455078125 0.6517857143554687 0.53538359765625 0.6520337299804687 0.5552248678385416 0.6478174604492187 0.5704365078125 0.650297619140625 0.59755291015625 0.6493055556640625 0.6236772486979166 0.6530257934570313 0.6451719576822916 0.6527777778320313 0.65244708984375 0.6510416665039063 0.6633597884114583 0.646329365234375 0.6861772486979166 0.6436011904296876 0.6957671959635418 0.6401289682617187 0.7093253971354166 0.6257440478515625 0.7123015872395834 0.62103174609375 0.7242063489583334 0.5967261904296876 0.7278439153645833 0.5823412700195313 0.7278439153645833 0.5555555556640625 0.7228835976562501 0.5186011904296876 0.7212301588541666 0.49379960302734377 0.71891534375 0.4833829365234375 0.7106481484375 0.4660218251953125 0.6997354498697916 0.45337301611328124 0.6881613756510417 0.443452380859375 0.6712962962239583 0.431795634765625 0.6630291002604166 0.423859126953125 0.650132275390625 0.41468253955078127 0.6458333333333334 0.4126984125976563 0.634589947265625 0.4126984125976563 0.6084656087239583 0.415922619140625
0 1 0.5843253969726563 0.998015873046875 0.5731646826171874 0.9963624335937501 0.5471230161132813 0.9927248678385417 0.529265873046875 0.9923941796875 0.5014880952148437 0.9890873014322916 0.486111111328125 0.982473544921875 0.4702380952148438 0.9798280423177084 0.4561011904296875 0.9738756614583334 0.45287698388671876 0.9613095240885418 0.4516369047851562 0.8955026451822916 0.45089285693359377 0.8449074075520833 0.4521329365234375 0.818452380859375 0.4561011904296875 0.8131613756510417 0.45833333349609373 0.8115079361979167 0.46056547607421877 0.8052248678385417 0.48015872998046877 0.802910052734375 0.4933035712890625 0.8039021165364583 0.5714285712890625 0.8062169309895834 0.5969742065429687 0.810515873046875 0.6044146826171874 0.8134920638020833 0.6066468251953125 0.8191137565104167 0.6086309521484375 0.8230820104166666 0.609375 0.8763227513020834 0.6088789682617187 0.8872354498697916 0.6101190478515625 0.9097222220052084 0.6098710317382813 0.935846560546875 0.6041666665039063 0.986441798828125 0.6029265874023437 1 0.5992063491210937 1 0.5843253969726563
4 0.7357804231770834 0.4898313491210938 0.732142857421875 0.4920634921875 0.7268518515625 0.5042162700195313 0.7261904759114582 0.5314980161132813 0.7298280423177084 0.5458829365234374 0.732473544921875 0.548611111328125 0.7351190475260417 0.5491071430664063 0.7450396822916666 0.546875 0.767857142578125 0.5473710317382813 0.7761243385416666 0.5461309521484375 0.7824074075520833 0.5436507934570313 0.7857142858072916 0.541170634765625 0.791005291015625 0.5314980161132813 0.7896825397135417 0.5069444443359375 0.7860449733072916 0.498263888671875 0.78108465625 0.4930555556640625 0.7721560846354167 0.48958333349609373 0.7427248678385417 0.4893353173828125 0.7357804231770834 0.4898313491210938
1 0.5416666666666666 0.43603515625 0.061197916666666664 0.01953125
3 0.6067708333333334 0.52734375 0.076171875 0.0361328125
2 0.6354166666666666 0.56591796875 0.055989583333333336 0.013671875
1 0.8912760416666666 0.46044921875 0.02734375 0.01318359375
3 0.94921875 0.5205078125 0.054036458333333336 0.013671875
2 0.94921875 0.57275390625 0.045572916666666664 0.0087890625
1 0.771484375 0.50048828125 0.013671875 0.00732421875
3 0.7506510416666666 0.5 0.027994791666666668 0.00732421875
2 0.78125 0.52978515625 0.009765625 0.00244140625