0 0.5252501599300032 0.4846832110315713 0.4958692200429525 0.34507290742663255
1 0.3368330972708665 0.4402260976938651 0.03778181066995438 0.02640287628012423
3 0.357644489258458 0.5303582740304591 0.029969310669954386 0.02594784997176518
2 0.36908997191282217 0.6202552319370843 0.027489200668363623 0.014092592079257216
2 0.739649561943048 0.37616724281336394 0.029932948002863568 0.02282284997176518
0 0.7560932692950472 0.23780269282748137 0.1393454053548627 0.16660221302712266
0 0.7516244926400466 0.15218371124333283 0.20895792401336308 0.11054119980235595
1 0.7838188272995016 0.20339760074822397 0.014980110001590852 0.01258329998588259
1 0.8316119846435465 0.1217611928980685 0.014162497334499946 0.009412797355046632
3 0.7980989559595928 0.2509705507623415 0.017323860001590675 0.012719807878390377
3 0.8445023359723194 0.1545813981738578 0.01182783800127254 0.010057539462538845
2 0.8472364373010924 0.18799313765051412 0.010238066000954404 0.007622784200867016
2 0.8030495379535477 0.29518328234648994 0.019640338001272538 0.010512565770898163