0 0.607638888671875 0.3990299826388889 0.5939980161132813 0.4021164019097222 0.5892857143554687 0.40608465625 0.5830853173828126 0.4144620807291666 0.5786210317382813 0.42548500868055555 0.5771329365234374 0.4329805998263889 0.5756448413085937 0.4594356258680556 0.5749007934570313 0.51014109375 0.5716765874023437 0.5533509696180556 0.572420634765625 0.594797177951389 0.57415674609375 0.6071428567708334 0.5791170634765626 0.6146384479166667 0.5870535712890625 0.6208112873263889 0.5927579365234374 0.6327160494791666 0.5939980161132813 0.6428571432291666 0.5964781748046875 0.6459435625 0.60565476171875 0.6481481484375 0.6674107143554687 0.6503527335069444 0.6840277778320313 0.6547619045138888 0.6969246030273437 0.6556437387152778 0.7038690478515625 0.6477072309027778 0.7115575395507813 0.6335978836805556 0.7271825395507813 0.6102292769097222 0.7356150795898437 0.5811287473958333 0.7410714287109375 0.5454144618055555 0.7418154760742187 0.5299823637152777 0.7366071430664063 0.484126984375 0.7356150795898437 0.4554673723958333 0.7311507934570313 0.4448853619791666 0.7264384921875 0.4378306875 0.712797619140625 0.42372134027777775 0.693452380859375 0.40828924131944444 0.6708829365234374 0.3981481484375 0.6408730161132813 0.39638448003472226 0.607638888671875 0.3990299826388889
0 0.45436507958984373 0.38844797135416664 0.4298115078125 0.3915343914930556 0.4191468251953125 0.3950617282986111 0.41443452392578123 0.4012345677083333 0.4131944443359375 0.40652557291666663 0.4154265874023437 0.4351851848958333 0.41344246044921873 0.4567901232638889 0.411954365234375 0.5189594357638889 0.412202380859375 0.5820105815972222 0.4129464287109375 0.5859788359375 0.4164186508789062 0.59391534375 0.41865079345703127 0.5961199296874999 0.4310515874023437 0.6005291006944444 0.4360119047851562 0.6044973541666666 0.4379960317382813 0.6071428567708334 0.4399801586914063 0.6159611996527778 0.4419642856445313 0.6194885364583333 0.451388888671875 0.6221340390625 0.47619047607421877 0.6208112873263889 0.4985119047851562 0.6221340390625 0.5171130952148437 0.6256613758680555 0.529513888671875 0.6243386241319445 0.536954365234375 0.6208112873263889 0.5639880952148437 0.5987654322916667 0.5687003969726563 0.5912698411458334 0.5719246030273437 0.5731922395833333 0.5726686508789063 0.5427689592013889 0.5706845239257813 0.5198412699652777 0.5714285712890625 0.49779541406250005 0.576140873046875 0.4567901232638889 0.5786210317382813 0.44753086458333335 0.5786210317382813 0.4417989418402778 0.5709325395507813 0.42813051128472224 0.5399305556640625 0.41049382725694444 0.5317460317382813 0.40255731944444445 0.51934523828125 0.3981481484375 0.5069444443359375 0.3880070546875 0.48759920654296873 0.3871252204861111 0.45436507958984373 0.38844797135416664
0 0.2547123017578125 0.38447971788194446 0.2254464287109375 0.3928571432291667 0.2276785712890625 0.4021164019097222 0.23834325390625 0.4087301588541667 0.24156746044921876 0.4131393298611111 0.24355158740234376 0.4188712526041667 0.2450396826171875 0.42857142881944443 0.24776785693359374 0.4717813046875 0.24652777783203125 0.5136684305555556 0.2433035712890625 0.5440917109375 0.24379960302734374 0.5537918871527778 0.2452876982421875 0.5582010581597223 0.25322420654296873 0.5639329809027778 0.27728174609375 0.5714285711805556 0.28968253955078127 0.5806878307291666 0.3033234125976563 0.5850970017361111 0.3695436508789062 0.5873015876736111 0.4037698413085937 0.5802469131944444 0.40997023828125 0.5731922395833333 0.411954365234375 0.5661375659722222 0.4129464287109375 0.5573192239583333 0.41369047607421877 0.49338624305555556 0.4191468251953125 0.4343033506944444 0.4191468251953125 0.42857142881944443 0.4174107143554687 0.42019400347222224 0.4112103173828125 0.40564373871527776 0.404513888671875 0.39991181684027777 0.390625 0.39991181684027777 0.3658234125976563 0.3968253967013889 0.3524305556640625 0.3880070546875 0.3430059521484375 0.38447971788194446 0.3253968251953125 0.38536155208333334 0.283234126953125 0.3822751319444444 0.2547123017578125 0.38447971788194446
0 0.1708829365234375 0.38536155208333334 0.16666666650390624 0.3928571432291667 0.165922619140625 0.4166666666666667 0.16369047607421874 0.44135802430555554 0.16344246044921876 0.46560846527777777 0.1592261904296875 0.49603174565972225 0.1592261904296875 0.5189594357638889 0.158234126953125 0.5326278663194445 0.1592261904296875 0.5379188715277778 0.16542658740234376 0.5507054670138889 0.1728670634765625 0.5582010581597223 0.17708333349609376 0.5604056440972223 0.1904761904296875 0.5617283949652778 0.2021329365234375 0.5599647265625001 0.2098214287109375 0.5652557317708333 0.2160218251953125 0.5670194001736112 0.22792658740234376 0.5639329809027778 0.23487103173828125 0.5590828923611111 0.24181547607421874 0.5454144618055555 0.24355158740234376 0.5330687829861112 0.244295634765625 0.47354497395833334 0.24677579345703124 0.41534391493055556 0.24454365087890625 0.3928571432291667 0.2373511904296875 0.3880070546875 0.21626984130859375 0.38051146354166665 0.17708333349609376 0.38051146354166665 0.1708829365234375 0.38536155208333334
1 0.20458984375 0.3949652777777778 0.0224609375 0.015625
1 0.28515625 0.4053819444444444 0.02685546875 0.0234375
1 0.46630859375 0.4131944444444444 0.03759765625 0.019965277777777776
1 0.63818359375 0.4210069444444444 0.0380859375 0.026041666666666668
3 0.66796875 0.5251736111111112 0.03564453125 0.026909722222222224
3 0.49169921875 0.5017361111111112 0.02783203125 0.026909722222222224
3 0.30908203125 0.4826388888888889 0.021484375 0.019097222222222224
3 0.21484375 0.4652777777777778 0.01611328125 0.014756944444444444
2 0.21533203125 0.5329861111111112 0.0166015625 0.010416666666666666
2 0.30712890625 0.5512152777777778 0.0224609375 0.013888888888888888
2 0.4970703125 0.5842013888888888 0.02978515625 0.013020833333333334
2 0.67236328125 0.6145833333333334 0.03173828125 0.019965277777777776