0 0.21525555128986165 0.6148635642504849 0.3009332524685419 0.3524181941870356
0 0.376611278588438 0.6272122529104068 0.053345165178229334 0.11192957032575279
4 0.8213964485163199 0.589005347746113 0.21712129692145865 0.3401240361123346
4 0.6313526767648269 0.587041087579312 0.1880345153863198 0.398435043916883
4 0.48967432304135466 0.6138813844914198 0.12333166327836817 0.16745537322831047
1 0.6787523939954172 0.47357629910472454 0.033267748100139015 0.054243555897782514
1 0.8911075768410768 0.4935266674388936 0.027453505983923775 0.039208832939624474
1 0.3765197064001047 0.5896849710592414 0.009738675911805572 0.01595238221398514
1 0.146975063923299 0.4694717078972156 0.05085463839274311 0.03846478847458741
3 0.1952151550133338 0.5936706105296207 0.042860300436840325 0.030379469962933215
3 0.3852595799752089 0.6292559025475872 0.010392639342673603 0.010510914065150524
3 0.613054658813056 0.4727429746026205 0.06617116707809031 0.059295643646730414
3 0.8379643930454865 0.4946005833181427 0.053362042553055745 0.04557788402808356
2 0.913785276688577 0.6616219030109234 0.020748911094166544 0.019459328130301046
2 0.7028295928929866 0.6682067528255888 0.034956881458888846 0.026200401451278842
2 0.197252393329827 0.7147916423807862 0.04033471248093754 0.02248512440943671
2 0.3908744535503131 0.6689359614405946 0.01035627175149303 0.008948414065150522