0 0.5808531744186046 0.37169312187500003 0.5443948406976744 0.38095238125 0.5287698406976744 0.38624338593749996 0.5084325395348838 0.396164021875 0.4915674604651163 0.396825396875 0.4796626988372093 0.40046296249999996 0.470734126744186 0.4014550265625 0.45684523837209307 0.4007936515625 0.4523809523255814 0.40277777812500004 0.4508928569767442 0.4047619046875 0.4424603174418605 0.4074074078125 0.4310515872093023 0.40707672031250003 0.4226190476744186 0.4050925921875 0.4156746034883721 0.39451058125 0.408234126744186 0.391203703125 0.4035218255813954 0.390542328125 0.3871527779069768 0.390542328125 0.35615079418604656 0.39384920625 0.3407738093023256 0.40277777812500004 0.3338293651162791 0.4110449734375 0.3253968255813954 0.41798941875000006 0.32217261860465113 0.428240740625 0.3182043651162791 0.43154761875 0.3033234127906977 0.4371693125 0.2981150790697674 0.44179894218750004 0.2941468255813954 0.4480820109375 0.2914186511627907 0.45568783125 0.28497023837209307 0.49140211562499997 0.2874503965116279 0.515211640625 0.2884424604651163 0.541005290625 0.2862103174418605 0.56845238125 0.2857142860465116 0.590608465625 0.2859623011627907 0.6230158734375 0.2881944441860465 0.646164021875 0.2926587302325581 0.650132275 0.3030753965116279 0.6524470906250001 0.3559027779069768 0.6583994703125 0.3903769837209302 0.672619046875 0.3970734127906977 0.6739417984375 0.4161706348837209 0.6739417984375 0.4310515872093023 0.6709656078124999 0.4469246034883721 0.6699735453125 0.45758928604651167 0.6699735453125 0.4813988093023256 0.6732804234375 0.49627976162790693 0.66898148125 0.513640873255814 0.659060846875 0.5218253965116278 0.6521164015625 0.529265873255814 0.6484788359375 0.5580357139534884 0.6425264546875 0.5731646825581396 0.6369047625 0.5927579360465116 0.6269841265625 0.6088789686046511 0.6240079359374999 0.621031746511628 0.61871693125 0.6436011906976744 0.6200396828125 0.673611111627907 0.61937830625 0.6845238093023256 0.6177248671875 0.6966765872093024 0.6130952375 0.7016369046511628 0.609788359375 0.7053571430232558 0.6051587296875 0.7118055558139535 0.590277778125 0.7175099209302326 0.583994709375 0.7371031744186046 0.5767195765625 0.7703373011627908 0.5585317453124999 0.7723214290697674 0.5558862437500001 0.7752976186046512 0.5459656078124999 0.777529761627907 0.5168650796875001 0.7748015872093024 0.4705687828125 0.775049603488372 0.4454365078125 0.7735615081395348 0.4209656078125 0.7735615081395348 0.3918650796875 0.7720734127906976 0.3822751328125 0.7705853174418605 0.378637565625 0.759424603488372 0.36805555624999997 0.7214781744186046 0.3624338625 0.7073412697674418 0.3581349203125 0.6946924604651162 0.35747354531250003 0.6830357139534884 0.36044973593749996 0.621279761627907 0.365410053125 0.5808531744186046 0.37169312187500003
1 0.34244186046511627 0.46015625 0.037209302325581395 0.02421875
3 0.363953488372093 0.5515625 0.029651162790697676 0.02421875
2 0.3767441860465116 0.6421875 0.02732558139534884 0.0125
2 0.7447674418604651 0.41953125 0.029651162790697676 0.02109375
0 0.6946924604651162 0.2179232796875 0.6909722220930233 0.2390873015625 0.6909722220930233 0.25628306875 0.6959325395348838 0.290674603125 0.6964285709302326 0.303902115625 0.6996527779069767 0.31812169375 0.7043650790697674 0.32903439218749997 0.7105654767441861 0.3359788359375 0.7222222220930233 0.3422619046875 0.7363591267441861 0.353174603125 0.7472718255813954 0.3581349203125 0.7916666662790698 0.3614417984375 0.8072916662790698 0.3614417984375 0.8122519837209302 0.360119046875 0.8211805558139535 0.3544973546875 0.8256448406976744 0.34821428593750003 0.828125 0.339947090625 0.8256448406976744 0.26884920625 0.8226686511627908 0.24305555625 0.8209325395348838 0.2380952375 0.8125 0.227513228125 0.7971230162790698 0.2166005296875 0.7745535709302326 0.20833333281250002 0.75 0.203373015625 0.7428075395348838 0.203042328125 0.708829365116279 0.20800264531249998 0.6971726186046512 0.2139550265625 0.6946924604651162 0.2179232796875
0 0.6498015872093024 0.2146164015625 0.6540178569767442 0.227843915625 0.6589781744186046 0.23611111093749998 0.6731150790697674 0.2367724875 0.681795634883721 0.23478835937500003 0.6872519837209302 0.22916666718749998 0.6922123011627908 0.2208994703125 0.6964285709302326 0.2172619046875 0.7150490813953488 0.2053646921875 0.7731432267441861 0.208761115625 0.8103438790697675 0.23423433437500002 0.8330853174418605 0.24470899531249998 0.838045634883721 0.24470899531249998 0.8495828918604652 0.24544255 0.856462461627907 0.24544255 0.8572268581395349 0.227781125 0.8571428569767442 0.1924603171875 0.857638888372093 0.16699735468750002 0.8559027779069767 0.16071428593749998 0.849454365116279 0.1544312171875 0.8325892860465116 0.1554232796875 0.808779761627907 0.1504629625 0.7857142860465116 0.1484788359375 0.7527281744186046 0.14781746093749998 0.7266865081395348 0.1488095234375 0.7083333337209302 0.14748677187499998 0.6976686511627908 0.14914021093750002 0.6862599209302326 0.14914021093750002 0.6721230162790698 0.147156084375 0.6589781744186046 0.147156084375 0.6532738093023256 0.1617063484375 0.6535218255813954 0.1917989421875 0.6498015872093024 0.2146164015625
1 0.7866279069767442 0.24921875 0.015116279069767442 0.01171875
1 0.8337209302325581 0.1703125 0.013953488372093023 0.00859375
3 0.8011627906976744 0.29765625 0.01744186046511628 0.01171875
3 0.8465116279069768 0.20390625 0.011627906976744186 0.009375
2 0.8505813953488373 0.2375 0.009883720930232558 0.00703125
2 0.8069767441860465 0.3421875 0.019767441860465116 0.009375