0 0.5940478959960938 0.5596019140624999 0.599253783203125 0.5666867847222222 0.6073925249023437 0.5722024704861111 0.6134869125976562 0.5836349036458333 0.6150592338867188 0.5936733168402778 0.6176405092773437 0.5965543758680556 0.6268893227539063 0.5979991284722223 0.688717501953125 0.5950902378472223 0.7054790180664062 0.5981234939236111 0.7184047338867188 0.5979374539930555 0.7250891635742187 0.5894259366319444 0.73231540625 0.5746799722222222 0.747174806640625 0.5500175946180555 0.7546539580078125 0.5202188402777778 0.7589402397460937 0.48405276128472224 0.7591787021484375 0.46855905555555555 0.7524680600585938 0.42313493229166665 0.7505370532226563 0.39455746527777774 0.7457260805664062 0.3843451032986111 0.7407826547851563 0.3776806137152778 0.7266795327148438 0.36470074913194445 0.7068287099609375 0.35087046093749996 0.6839270239257812 0.3425981484375 0.6538593227539062 0.3433193411458333 0.6207118666992187 0.34871667361111114 0.607172111328125 0.35293257552083335 0.6025898168945313 0.3572910147569444 0.5966638803710937 0.3661818402777778 0.5925607265625 0.3775744175347222 0.591318201171875 0.3851932248263889 0.5906968227539062 0.4117714670138889 0.5916139819335937 0.4625385434027777 0.5898054130859375 0.5060153871527777 0.5919073168945312 0.5473999878472222 0.5940478959960938 0.5596019140624999
0 0.4358764423828125 0.5594353255208334 0.4381808115234375 0.5614550868055556 0.45072605810546873 0.5648374557291667 0.4558163833007812 0.5683949878472222 0.457887181640625 0.5708762022569445 0.4601602143554688 0.5795302569444445 0.4622599033203125 0.5828933055555555 0.47177117822265624 0.5847584383680555 0.4965294296875 0.5813820824652778 0.5188941943359375 0.5808565902777778 0.5376109467773438 0.5828437230902778 0.5499684047851563 0.5804941692708333 0.5572933188476562 0.576350751736111 0.58360478515625 0.5520664678819445 0.5880715170898437 0.5441806918402778 0.5907034663085937 0.5258361215277777 0.5904507900390625 0.4953512326388889 0.5877155087890625 0.4725878315972223 0.5877372919921875 0.4504803680555556 0.5911061826171875 0.4090848923611111 0.5932829907226562 0.3996202734375 0.5930952021484375 0.39388835069444444 0.58495890625 0.3808565373263889 0.5533791108398437 0.3657868585069444 0.544934572265625 0.3585280407986111 0.5323893256835938 0.355145671875 0.5196562905273437 0.34603138020833335 0.500282162109375 0.34675135763888887 0.46709137109375 0.35082593836805553 0.442638916015625 0.3559454270833333 0.4320897958984375 0.36035581336805556 0.427579728515625 0.3669188376736111 0.4265129921875 0.3723125234375 0.42968407861328123 0.40078731076388885 0.42840777001953123 0.42255653732638887 0.42895645947265626 0.4848490659722222 0.43127014990234375 0.5478796762152778 0.43214420556640626 0.5517863220486111 0.4358764423828125 0.5594353255208334
0 0.2619428740234375 0.5336049557291667 0.26357542236328124 0.5378909105902778 0.27169971923828123 0.5429656796875 0.29600282861328125 0.5484692734375 0.30870697265625 0.5567017309027777 0.322492298828125 0.5599814192708333 0.38878476318359373 0.5567028819444445 0.4227798291015625 0.5468142326388888 0.4287491015625 0.5392461579861112 0.4305021044921875 0.5320271961805555 0.43120526220703126 0.5231267100694444 0.429854744140625 0.45913212152777777 0.43337542578125 0.3995974357638889 0.43318763720703124 0.3938655138888889 0.4311770659179687 0.3856318411458333 0.424499974609375 0.37159497743055553 0.41761575732421874 0.3664175286458333 0.40372686865234375 0.367567546875 0.3788241640625 0.36653473090277777 0.36514240185546876 0.3588253359375 0.35560223583984374 0.3560783689236111 0.33802199951171874 0.3584182621527778 0.2957581845703125 0.35882296961805554 0.26730858544921876 0.36338920052083334 0.2383171728515625 0.37418987934027775 0.24085266650390624 0.38326431336805555 0.2517340283203125 0.38899501996527774 0.2551026875 0.3931372230902778 0.25727460302734373 0.39870485677083334 0.25908049462890625 0.40828181684027776 0.26322430615234377 0.45126579600694444 0.2633565288085937 0.49325560243055555 0.26112904638671874 0.5239458515625 0.2619428740234375 0.5336049557291667
0 0.19115478759765625 0.5438874348958334 0.19544328369140626 0.5457429088541667 0.2088794765625 0.5459567126736111 0.22047844189453125 0.5432278506944445 0.22834027734375 0.5478822378472222 0.23459845458984374 0.5491325052083333 0.24640210009765626 0.5450603559027778 0.253187646484375 0.5396352586805555 0.259684287109375 0.525391818576389 0.2610159306640625 0.5129023871527778 0.259809865234375 0.4533169704861111 0.2603832470703125 0.3949105512152778 0.25741439501953123 0.3726086032986111 0.25006303662109375 0.36835405989583336 0.22873611767578125 0.3626040329861111 0.18954960986328126 0.36584872829861115 0.18350811083984375 0.3712122178819445 0.17953741064453124 0.37905692187499995 0.179573408203125 0.4029280529513889 0.178150201171875 0.42780423524305555 0.17869667578125 0.4520752118055556 0.1754771298828125 0.48284760503472224 0.17622828466796875 0.5057752951388889 0.17568402490234375 0.5195258697916666 0.176849431640625 0.5247347309027778 0.18346874169921876 0.5370079253472223 0.19115478759765625 0.5438874348958334
1 0.21752965439396604 0.37802496645702544 0.022972842096904145 0.017484795514927418
1 0.29843733037523545 0.3817706274723218 0.02762332564535619 0.025661168550456834
1 0.47984562642368755 0.37458347234105893 0.038251756568266404 0.02307841374841719
1 0.6519765787221397 0.36816449361813575 0.038939111828173445 0.02919523297458721
3 0.685174432284834 0.4698649097106595 0.036526144722446086 0.029861136843737493
3 0.5081370441394777 0.461022761469112 0.028713644722446086 0.029214251447241126
3 0.3248941954654838 0.4570464853899957 0.022110036173993874 0.02087615706258757
3 0.23008713133003472 0.4474884293741237 0.01659674670263167 0.016091145574718507
2 0.23279366583328603 0.5151563323701761 0.016942832231269467 0.011791298134221664
2 0.32518776286300755 0.5257845956280087 0.022915963808359252 0.01574868440381631
2 0.5162098565953608 0.5430433055367985 0.030211743414086722 0.015487083907476377
2 0.6924981953948965 0.5589107588973524 0.032392381568266515 0.022593249701044964