0 0.6229595395348837 0.4061602671875 0.6001420790697675 0.4131047109375 0.5959258093023256 0.416411590625 0.5902214441860465 0.4256708484375 0.5889813651162791 0.43195391875 0.5877412860465117 0.4594010078125 0.5879893011627907 0.48023434062500003 0.5867492220930233 0.49280047812500005 0.5872452534883721 0.5476946593750001 0.5865012058139535 0.57018143125 0.5877412860465117 0.5936602671875 0.5857571581395349 0.62077666875 0.581292873255814 0.6429327546875 0.5815408883720931 0.65715233125 0.5852611267441861 0.660128521875 0.5954297779069767 0.6637660875 0.5998940627906977 0.667734340625 0.6058464441860466 0.6912131765625 0.6080785872093023 0.69518143125 0.6113027930232559 0.6974962453125 0.6366004127906977 0.6998110609375 0.7152214441860466 0.69452005625 0.7702809674418605 0.6971655578125 0.784417873255814 0.6941893671875 0.7861539837209303 0.691543865625 0.7886341430232559 0.6809618546875 0.7933464441860466 0.6693877796875001 0.7960746186046512 0.65715233125 0.7938424755813953 0.6340041828125 0.7953305709302325 0.59498301875 0.7955785872093023 0.516610003125 0.7943385081395349 0.492139103125 0.7911143011627907 0.46436132499999994 0.7898742220930233 0.42996979062499996 0.7881381104651163 0.42236397031250006 0.7859059674418605 0.416742278125 0.7836738255813953 0.414096775 0.7730091430232559 0.40847508125000004 0.7402710476744186 0.398885134375 0.7122452534883721 0.3929327546875 0.6896758093023256 0.392271378125 0.6611539837209303 0.39359412968749996 0.6415607302325581 0.397893071875 0.6229595395348837 0.4061602671875
4 0.2844742058139535 0.36871693125 0.2802579360465116 0.38062169375 0.2782738093023256 0.3921957671875 0.2785218255813954 0.41964285781250005 0.2748015872093023 0.45701058124999994 0.2735615081395349 0.49570105781249996 0.2718253965116279 0.5082671953125 0.2705853174418605 0.5324074078125001 0.2671130953488372 0.5691137562499999 0.2643849209302326 0.583664021875 0.2641369046511628 0.5958994703125 0.26537698372093027 0.609457671875 0.2633928569767442 0.6210317453124999 0.263888888372093 0.6425264546875 0.265625 0.6517857140625 0.2690972220930232 0.6580687828125 0.2770337302325581 0.6626984125 0.2834821430232558 0.6636904765625 0.3187003965116279 0.662367725 0.3251488093023256 0.6646825390625 0.3432539686046512 0.674603175 0.3916170639534884 0.6765873015625 0.4543650790697674 0.684854496875 0.4831349209302326 0.6679894187500001 0.509920634883721 0.6471560843749999 0.5434027779069768 0.63128306875 0.5520833337209302 0.621693121875 0.5595238093023256 0.608796296875 0.5639880953488372 0.5952380953125 0.5669642860465116 0.5585317453124999 0.5689484127906976 0.5178571421875 0.5696924604651162 0.45899470937500003 0.5689484127906976 0.4457671953125 0.5659722220930232 0.43386243437500005 0.5615079360465116 0.4265873015625 0.5379464290697674 0.4047619046875 0.5171130953488372 0.39517195781250003 0.4694940476744186 0.3614417984375 0.4593253965116279 0.35747354531250003 0.4528769837209302 0.35582010625 0.4226190476744186 0.352843915625 0.3395337302325581 0.3501984125 0.3278769837209302 0.3518518515625 0.2909226186046512 0.362103175 0.2844742058139535 0.36871693125
4 0.20337301627906976 0.43088624375 0.1984126988372093 0.44146825468750006 0.1984126988372093 0.49371693125 0.1999007941860465 0.5082671953125 0.20114087325581398 0.5634920640625001 0.203125 0.572089946875 0.2135416662790698 0.58101851875 0.2234623011627907 0.5955687828125 0.2299107139534884 0.5985449734375 0.2415674604651163 0.6011904765625 0.2564484127906977 0.6021825390625 0.2628968255813954 0.5992063484375 0.26587301627906973 0.5922619046875 0.2690972220930232 0.572089946875 0.2700892860465116 0.5558862437500001 0.2733134918604651 0.5320767203125001 0.2740575395348837 0.490410053125 0.2746793953488372 0.4667413015625 0.27707886976744184 0.4432325640625 0.2785185569767442 0.4195639015625 0.2435515872093023 0.41964285781250005 0.23784722209302325 0.41832010625000005 0.21527777790697675 0.42261904687499996 0.20932539651162793 0.4249338625 0.20337301627906976 0.43088624375
0 0.01725542906976744 0.4811633921875 0.014195408139534883 0.48303291875000004 0.01406791511627907 0.49068096875 0.01470541511627907 0.49866893437500004 0.01406791511627907 0.5177040796875 0.019295446511627904 0.5197435593749999 0.026435491860465114 0.5289212187500001 0.029495513953488373 0.543877403125 0.027965503488372092 0.5508456374999999 0.034468047674418606 0.55254519375 0.06203366627906977 0.551784925 0.06974298604651163 0.551540528125 0.07599053255813952 0.5498409640624999 0.07943305697674417 0.5489911765625 0.08019806162790698 0.541852996875 0.08198307093023256 0.5328452984375 0.08988812093023255 0.5277465984374999 0.09702817790697674 0.5168693656250001 0.10544323604651164 0.5127904062499999 0.11959583372093023 0.5139801078125 0.11806582325581395 0.48627716562499995 0.10940469883720931 0.48300185625000003 0.09600816395348837 0.47302054531250004 0.05608128604651163 0.474403971875 0.03351184069767442 0.4753960359375 0.024267981395348835 0.48048356718749996 0.01725542906976744 0.4811633921875
3 0.044767441860465114 0.51875 0.014534883720930232 0.00546875
1 0.04825581395348837 0.49140625 0.009883720930232558 0.00859375
2 0.045930232558139536 0.540625 0.00872093023255814 0.0046875
1 0.40988372093023256 0.4203125 0.04709302325581395 0.04453125
3 0.32906976744186045 0.41796875 0.06453488372093023 0.04296875
2 0.4331395348837209 0.596875 0.04186046511627907 0.01796875
1 0.6866279069767441 0.415625 0.03488372093023256 0.0265625
3 0.7191860465116279 0.5234375 0.04709302325581395 0.03046875
2 0.7575581395348837 0.65546875 0.047674418604651166 0.02109375