0 0.4223469790697675 0.4748415625 0.4151643023255814 0.5617089796875 0.41479500930232555 0.5954236265625 0.4167276453488372 0.627704471875 0.41978329883720933 0.636950865625 0.4237902104651163 0.641508228125 0.4386733104651163 0.6421052796875 0.47409127093023257 0.646903465625 0.48208576627906974 0.653786046875 0.4884611848837209 0.6645981 0.4921223744186046 0.6674115953124999 0.49709772558139537 0.6692640515625 0.5063483941860465 0.6684891656249999 0.5231705209302325 0.6639244234375 0.541029811627907 0.6645912828125 0.5608345709302326 0.6608403953125 0.576067688372093 0.6636773453125 0.6031755 0.6633213046875001 0.6293320534883721 0.6676542953125 0.6508246151162791 0.6679104437500001 0.6580847127906977 0.666344971875 0.6689566058139534 0.66188863125 0.6917504418604652 0.6596956453125 0.7013103209302326 0.6564483578125 0.7147439569767442 0.642381446875 0.7176793430232559 0.6377389531250001 0.7293736325581395 0.6137126265624999 0.732886634883721 0.5994130265625001 0.7326546860465116 0.5726273125 0.7273743674418605 0.5355566015625 0.7255061616279069 0.5107162328125 0.7231011453488372 0.5002452703125 0.7146836116279071 0.48269025 0.7036613825581395 0.46978548125 0.6920014023255814 0.45959337343750006 0.6750353825581396 0.447541053125 0.6666994604651163 0.43941063593749996 0.6537231732558139 0.42993154999999994 0.64940705 0.427846590625 0.6381636627906977 0.42758287343749996 0.6120672441860465 0.43019432812499997 0.592898088372093 0.4309845390625 0.5611585 0.430983975 0.5479202488372092 0.4294336421875 0.5353798825581395 0.432115090625 0.5228244825581395 0.43306042656250004 0.48150138953488375 0.4335789765625 0.4603566976744186 0.4353147125 0.44348947093023255 0.43467112343750003 0.4355637011627907 0.43572504843750004 0.4302984674418605 0.4385771375 0.42770021395348834 0.44397143593750005 0.4223469790697675 0.4748415625
0 1 0.5652875093749999 0.9973079860465117 0.5525504765625 0.9967367604651163 0.5247649421875 0.993296726744186 0.50931039375 0.9865455197674418 0.49328225156250005 0.9837775988372093 0.47908329531250005 0.9777973 0.475719475 0.9652204232558139 0.474184653125 0.8994071023255813 0.471897090625 0.8488226023255814 0.4719504453125 0.8224019383720931 0.47529819062499995 0.817130261627907 0.47740623125 0.8154961511627907 0.4795995921875 0.8093827488372093 0.49904547499999996 0.8071817604651164 0.5121360234375001 0.8088503383720931 0.5902842921875 0.8113863627906978 0.6158842203125 0.8157497348837209 0.6234255296875 0.8187452546511628 0.6257274796875001 0.8243841290697675 0.627843465625 0.8283588255813954 0.6286805890625 0.8815952709302325 0.6294333328125 0.8925187081395349 0.6309293703125001 0.9150033325581396 0.6312087875 0.9410782744186047 0.6261171765625 0.9916627744186046 0.6260638203125 1 0.6239667359375 1 0.5652875093749999
4 0.7956077383720931 0.5500512375 0.7940723686046511 0.525466640625 0.7903596337209302 0.516700765625 0.7853542151162791 0.5113760875 0.776395576744186 0.5076944421875 0.746962211627907 0.506756109375 0.7400220627906977 0.5070892578125 0.7364038255813953 0.50923608125 0.7312180569767442 0.5212647578125 0.7307929244186046 0.548530990625 0.7345550546511628 0.5630012296875 0.7372241825581395 0.56579145625 0.7398739802325581 0.5663495390625 0.7497752860465116 0.5643500875 0.7725970418604651 0.5653813078125001 0.7808534988372092 0.5643351390625 0.7871150906976745 0.56200235 0.7904004930232558 0.5595997546875 0.7956077383720931 0.5500512375
1 0.5450540219975286 0.44863333238138325 0.06179703566088783 0.020976747564368025
3 0.6109618233090884 0.5415669005626023 0.07647398747649885 0.03772391680124727
2 0.6403630829718704 0.5805299890363609 0.0565171214897926 0.015385266639091455
1 0.8952705067132325 0.4818426676054356 0.028021984249403695 0.013935814934808199
3 0.953342797447913 0.5425677077834774 0.054772935443280976 0.015344356330665932
2 0.9537960623214181 0.5949114577834774 0.045430018977691194 0.010438668019063258
1 0.7758413222210548 0.5180959930935506 0.014021139845750588 0.008139782467404188
3 0.7549110896629153 0.5176050693924446 0.02855602356668082 0.008480701704283434
2 0.7859821187511858 0.5480153181746285 0.00991078151969569 0.0033568250810779078