0 0.4629299345703125 0.37820029622395834 0.4614938046875 0.38026527018229167 0.453130552734375 0.38336890559895836 0.44171316162109375 0.38365804427083333 0.43322865673828126 0.38213205013020834 0.4260070629882812 0.37192732552083335 0.4184799775390625 0.3690246822916667 0.41375035400390625 0.36861932226562505 0.397381306640625 0.3695086393229167 0.366465931640625 0.3744998294270833 0.3513227919921875 0.38426381966145834 0.3445948701171875 0.39290830078125 0.33634420947265625 0.40031087825520834 0.3333884912109375 0.4107373697916667 0.32950684619140624 0.41425983984375003 0.3147731293945312 0.42069000260416667 0.309686048828125 0.42560259700520836 0.3058823515625 0.43210125781250003 0.3033533779296875 0.4398552975260417 0.29784034326171877 0.47591991992187505 0.30094408740234374 0.4995946985677084 0.302611701171875 0.5253344518229167 0.3010984130859375 0.5529028118489584 0.301182662109375 0.575085845703125 0.302279447265625 0.6074797786458334 0.30511785302734373 0.63050665625 0.3096860693359375 0.6342323697916666 0.32016336279296875 0.6359812552083334 0.3731466401367188 0.639063568359375 0.40799326513671874 0.6514101901041667 0.41472433740234377 0.6523691295572916 0.4338215595703125 0.65133159375 0.44862456396484374 0.6475469335937499 0.4644715966796875 0.645692501953125 0.475136279296875 0.6451130989583334 0.49903241259765624 0.6471264251302083 0.5138007729492188 0.6420190143229166 0.5309020571289063 0.6311551640625 0.5389047016601562 0.6237660618489583 0.546249908203125 0.6197242604166667 0.5748638530273438 0.612208837890625 0.5898455859375 0.6057651998697916 0.6091790126953125 0.594780080078125 0.6252220961914062 0.590928046875 0.6372362998046875 0.5849767916666667 0.6598403876953125 0.5850733639322917 0.6898329868164063 0.58278157421875 0.7007023803710938 0.5805352571614583 0.7127339057617188 0.5752453776041667 0.7176076137695313 0.5716690091145834 0.721206599609375 0.5668372623697916 0.727265271484375 0.55160597265625 0.7328050791015625 0.545012990234375 0.7522077934570313 0.536673373046875 0.7849655703125 0.5166799596354167 0.78688041015625 0.5139266614583333 0.7895967734375 0.5038443326822917 0.7910667563476562 0.47462253255208336 0.7871260551757813 0.42847445572916665 0.7867158422851562 0.4033287063802083 0.78458683984375 0.37893865429687495 0.7838246801757812 0.349838125 0.7820854189453125 0.34032902408854165 0.7805020537109375 0.33677230533854163 0.7690641904296875 0.3267966471354167 0.7309705268554687 0.32323655208333335 0.7167210302734375 0.31970565624999997 0.7040548989257812 0.31973147981770833 0.6924761010742188 0.32334097200520834 0.6308500620117188 0.33165643880208334 0.5905880322265625 0.3401358509114583 0.5543722041015625 0.3513758606770833 0.5388857783203125 0.3575157591145834 0.5188083037109374 0.36854130338541663 0.5019605463867187 0.37011894466145834 0.4901510541992187 0.3744032864583333 0.4812484658203125 0.3758804322916667 0.46734225537109375 0.37597362825520836 0.4629299345703125 0.37820029622395834
1 0.35432327307674505 0.44103934819488816 0.03774026780820061 0.026104663212822416
3 0.3782118612106984 0.5316689949313244 0.0299277678082005 0.025680216571526415
2 0.39329433568767336 0.6221251024725517 0.027179440732589377 0.013828826996121535
2 0.7556269025010631 0.3794668045014804 0.029842512023308565 0.022425008238193083
0 0.7311862587890625 0.30302417122395836 0.7456089736328125 0.31316882291666664 0.7566515854492187 0.31753626236979166 0.8011330356445312 0.31843120572916667 0.8167580356445312 0.31758231249999996 0.8216837094726562 0.3159900716145833 0.8304650458984375 0.309883296875 0.8347647744140625 0.3033576868489583 0.8370284106445313 0.29495574609375 0.8326861572265625 0.223992607421875 0.829034416015625 0.198360650390625 0.8271683911132812 0.19349465494791665 0.8184587026367187 0.18337077669270832 0.8027959091796875 0.17329349739583333 0.78000994140625 0.16625248046875 0.7553264565429687 0.16262613802083334 0.7481253354492188 0.1626862109375 0.7142770747070313 0.16949253385416665 0.702776224609375 0.176078216796875 0.7003999970703125 0.18018121549479169 0.697234056640625 0.20154735416666666 0.697684423828125 0.21874312174479169 0.7035454750976563 0.2528651653645833 0.7043879428710937 0.26606573046875 0.707984568359375 0.280110138671875 0.7129826801757813 0.2907668209635417 0.7193649555664062 0.29737440364583334 0.7311862587890625 0.30302417122395836
0 0.720427701171875 0.16651666927083333 0.7786108012695313 0.16675688671875 0.8164786118164062 0.19020902408854168 0.8394943872070313 0.19944816080729166 0.8444547045898437 0.19917867122395835 0.856011173828125 0.19928541731770832 0.8628907436523438 0.19891165624999999 0.8631925776367187 0.18120870052083335 0.86218350390625 0.14589245768229167 0.8620126459960937 0.12040254557291667 0.8601119775390625 0.11421379817708333 0.8534990078125 0.10828106640625 0.8366599111328125 0.11018939583333333 0.8127204736328125 0.10652262955729168 0.7896030322265625 0.105791630859375 0.756599599609375 0.10692236328125 0.7305839150390625 0.10932924934895834 0.7121960971679687 0.10900361067708332 0.7015747192382813 0.11123645247395834 0.6901659887695313 0.11185627994791668 0.6759771186523438 0.11064019921875 0.66283227734375 0.11135434700520834 0.6575089921875 0.12621452473958333 0.658545150390625 0.15629364388020833 0.6554225146484375 0.1793132213541667 0.659985220703125 0.19231166796875 0.6651620610351563 0.20030937369791668 0.6793162875976563 0.200202703125 0.6879448774414062 0.19774696875 0.6932539912109374 0.19182883658854166 0.6979977866210938 0.18329215104166666 0.7021187861328125 0.17942551888020833 0.720427701171875 0.16651666927083333
1 0.7931516868727243 0.20661248713784808 0.014955358325611012 0.012514587452429874
1 0.8384517781283388 0.12526323770832473 0.0138764888837406 0.008555281622267893
3 0.8090619099891254 0.25399373301875144 0.017396764575611012 0.012647227027834903
3 0.8520166996342369 0.15777663691621882 0.011452133790719188 0.009073683713529568
2 0.8563213285471132 0.19144510817731852 0.009953187726762458 0.007692016634953299
2 0.8160978148206344 0.29859727303777955 0.019769966197697553 0.01017569993657319