0 0.446875 0.5952927188666248 0.68203125 0.7527233060674184
0 0.91171875 0.3716816703100544 0.1765625 0.3249156983633867
0 0.71328125 0.1374083301140357 0.13359375 0.06560269654928819
4 0.14765625 0.11843751987026588 0.11171875 0.1390575547166562
4 0.05234375 0.10339038402808368 0.0859375 0.14206350362819706
1 0.2546875 0.4128001334799295 0.07890625 0.08634921696770821
3 0.3203125 0.6854043089778254 0.07734375 0.11051340326537726
2 0.32578125 0.7902827819359836 0.0578125 0.0410813569862416
1 0.93125 0.27626996658919006 0.05078125 0.03224207032575279
3 0.96328125 0.3836385224869726 0.03828125 0.03649306070710594
2 0.9671875 0.48064993174279974 0.03515625 0.023883933302444406