0 0.4219273912760417 0.454073716796875 0.41466616666666667 0.541335150390625 0.414266439453125 0.575082630859375 0.41616998437499997 0.6072813896484375 0.41921735807291666 0.6163800288085938 0.42322024283854165 0.6207403837890625 0.43810311848958333 0.6205986586914063 0.47351749869791665 0.6236401958007812 0.48150595117187495 0.6301287626953125 0.48787174739583333 0.6406288881835938 0.4915304759114583 0.6432617924804688 0.49650426106770834 0.644867990234375 0.50575582421875 0.6436334213867188 0.5225824264322917 0.6382313979492188 0.5404414928385416 0.638011724609375 0.560250056640625 0.63327580078125 0.575480935546875 0.6353575576171875 0.602589642578125 0.6336553002929688 0.6287428391927083 0.636691326171875 0.6502356243489583 0.6358803520507812 0.6574972890625 0.6339537006835938 0.6683734342447917 0.6289555893554688 0.6911697317708333 0.6256298125 0.7007327447916666 0.621906423828125 0.7141793600260417 0.60716640625 0.7171189967447917 0.60237615625 0.7288352174479167 0.5777588081054688 0.7323611985677084 0.5632786176757812 0.7321534186197917 0.5364929033203125 0.7269064420572917 0.4996684516601563 0.725060615234375 0.4749101689453125 0.7226649967447917 0.46455412890625 0.7142631295572918 0.4474095400390625 0.7032523125 0.435046541015625 0.691601283203125 0.425429037109375 0.6746457805989583 0.4142139975585937 0.6663170208333333 0.40649401220703124 0.65334901171875 0.3976552001953125 0.6490346790364584 0.3957836650390625 0.63779129296875 0.3960781357421875 0.61169196484375 0.3999865537109375 0.592521689453125 0.40172896533203123 0.5607814296875 0.4033044599609375 0.5475442968750001 0.40241081689453123 0.53500124609375 0.40571612158203124 0.5224447278645833 0.4072853154296875 0.4811202923177083 0.40985602392578124 0.4599735859375 0.41264246484375 0.44310658333333336 0.41283615478515623 0.4351796940104167 0.41428409619140627 0.429911775390625 0.417398861328125 0.4273085983072917 0.42292449755859374 0.4219273912760417 0.454073716796875
0 1 0.5181747504882812 0.996830439453125 0.5032658359375 0.9962842760416667 0.47549671875 0.9928581171875 0.4602063442382813 0.9861212317708333 0.4445065458984375 0.9833660677083333 0.4304389287109375 0.9773886764322918 0.4273706181640625 0.964812919921875 0.4264596533203125 0.8990002688802083 0.4274391259765625 0.8484146510416667 0.43000432373046876 0.82199040625 0.4346654501953125 0.8167167161458333 0.43703616796875 0.815080591796875 0.43931161474609376 0.8089495104166667 0.45906942578125 0.8067366608072916 0.4722748935546875 0.8083347486979168 0.5503739111328125 0.8108477233072917 0.575858919921875 0.8152043821614584 0.5831868041992188 0.8181978880208334 0.5853409985351562 0.8238349713541666 0.5871778901367187 0.8278089973958332 0.5878180073242187 0.8810458899739584 0.5859275698242188 0.8919682083333332 0.5868818393554688 0.914453056640625 0.5860448818359375 0.9405331458333334 0.5796563051757813 0.9911187643229167 0.577091107421875 1 0.5744158842773438 1 0.5181747504882812
4 0.7951281777343749 0.510781130859375 0.7936149615885416 0.48626220263671877 0.7899100592447916 0.4776769169921875 0.7849093404947917 0.47259849755859373 0.7759538346354167 0.4693601201171875 0.7465206940104167 0.46988292431640627 0.7395800970052083 0.47056083544921873 0.7359598463541667 0.472888248046875 0.7307631106770834 0.4851796005859375 0.7303133626302083 0.5124786684570313 0.7340625143229166 0.5267683188476563 0.7367291796875 0.5294272065429687 0.7393785299479166 0.529853951171875 0.749281849609375 0.5273619809570312 0.7721031582031249 0.52726041015625 0.780360734375 0.5258038076171875 0.786624564453125 0.523159091796875 0.7899122037760417 0.52059232421875 0.7951281777343749 0.510781130859375
1 0.5450490377742078 0.4218485936439775 0.06134942265132685 0.021134058755968854
3 0.6108614949191613 0.5114520716961382 0.07645216107162156 0.0381277978664718
2 0.6398065525721988 0.549276039539089 0.05609563752259561 0.015138274500141602
1 0.8948477952550332 0.4371061848465807 0.027446016539645512 0.013899742343092436
3 0.9532563844911969 0.49564722562550384 0.05414251252259561 0.015087121029206618
2 0.9536616630001632 0.5478933193755038 0.04564109435976368 0.00998264348848732
1 0.7753667158569201 0.48028266023060495 0.013728689744247605 0.007682293046546218
3 0.7545295948739702 0.4803400160039135 0.02805160641091427 0.008057418500070912
2 0.7853595998339106 0.509323767875929 0.009784563248082634 0.0026971736046759176