0 0.5575396825581396 0.41790674531249994 0.5443121697674419 0.4166666671875 0.5317460313953488 0.41964285781250005 0.5191798941860465 0.4208829359375 0.47784391511627905 0.42237103125 0.4566798941860465 0.424603175 0.43981481511627907 0.424355159375 0.4318783069767442 0.42559523749999995 0.4265873011627907 0.428571428125 0.4239417988372093 0.43402777812500004 0.4183201058139535 0.46502976250000005 0.4103835976744186 0.5520833328125 0.4097222220930232 0.5858134921875 0.411375661627907 0.6180555562500001 0.4143518523255814 0.6272321421875 0.4183201058139535 0.6316964281249999 0.43320105813953486 0.6319444437499999 0.4685846558139535 0.6359126984375 0.47652116395348837 0.6426091265625 0.48280423255813953 0.653273809375 0.4864417988372093 0.656001984375 0.49140211627906977 0.6577380953125 0.5006613755813953 0.65674603125 0.5175264546511628 0.6517857140625 0.5353835976744186 0.6520337296875 0.5552248674418605 0.6478174609375 0.570436508139535 0.65029761875 0.5975529104651163 0.6493055562500001 0.6236772488372093 0.65302579375 0.6451719581395349 0.652777778125 0.6524470895348837 0.6510416671875 0.663359788372093 0.646329365625 0.6861772488372093 0.643601190625 0.6957671953488372 0.64012896875 0.709325396511628 0.625744046875 0.7123015872093024 0.6210317453124999 0.7242063488372092 0.596726190625 0.7278439151162791 0.5823412703125 0.7278439151162791 0.5555555562500001 0.7228835976744186 0.518601190625 0.7212301593023256 0.493799603125 0.7189153441860465 0.4833829359375 0.7106481476744186 0.466021825 0.6997354499999999 0.453373015625 0.6881613755813955 0.44345238125 0.6712962965116278 0.43179563437499996 0.6630290999999999 0.42385912656249997 0.6501322755813953 0.41468253906249997 0.6458333337209302 0.4126984125 0.6345899465116279 0.4126984125 0.608465608139535 0.41592261875 0.5892857139534884 0.4171626984375 0.5575396825581396 0.41790674531249994
0 1 0.584325396875 0.9980158732558139 0.5731646828125 0.9963624337209303 0.547123015625 0.9927248674418605 0.5292658734375 0.9923941802325581 0.5014880953125 0.9890873011627908 0.4861111109375 0.9824735453488371 0.4702380953125 0.9798280418604651 0.456101190625 0.973875661627907 0.452876984375 0.9613095232558139 0.4516369046875 0.8955026453488373 0.45089285781250005 0.8449074069767442 0.4521329359375 0.8184523813953488 0.456101190625 0.8131613755813955 0.4583333328125 0.8115079360465117 0.4605654765625 0.8052248674418605 0.48015872968749995 0.8029100534883721 0.493303571875 0.8039021162790697 0.5714285718750001 0.8062169313953488 0.59697420625 0.8105158732558139 0.6044146828125 0.8134920639534883 0.606646825 0.8191137569767442 0.608630953125 0.8230820104651163 0.609375 0.8763227511627907 0.60887896875 0.8872354499999999 0.610119046875 0.9097222220930233 0.60987103125 0.9358465604651163 0.6041666671875 0.9864417988372094 0.6029265875 1 0.5992063484375 1 0.584325396875
4 0.7268518523255814 0.5042162703125 0.7261904767441861 0.531498015625 0.7298280418604651 0.5458829359374999 0.7324735453488371 0.5486111109375 0.7351190476744185 0.5491071421875 0.7450396825581395 0.546875 0.7678571430232558 0.54737103125 0.776124338372093 0.546130953125 0.7824074069767442 0.54365079375 0.7857142860465116 0.541170634375 0.7910052906976744 0.531498015625 0.7896825395348838 0.5069444437499999 0.786044973255814 0.4982638890625 0.7810846558139535 0.49305555625 0.7721560848837209 0.4895833328125 0.7427248674418605 0.4893353171875 0.7357804232558139 0.4898313484375 0.7321428569767442 0.4920634921875 0.7268518523255814 0.5042162703125
1 0.5412790697674419 0.4359375 0.06162790697674419 0.01953125
3 0.6063953488372092 0.52734375 0.07616279069767441 0.0359375
2 0.6354651162790698 0.565625 0.0563953488372093 0.0140625
1 0.8912790697674419 0.4609375 0.027906976744186046 0.01328125
3 0.9488372093023256 0.5203125 0.05465116279069768 0.0140625
2 0.9488372093023256 0.57265625 0.04534883720930233 0.009375
1 0.7715116279069767 0.5 0.013953488372093023 0.0078125
3 0.7505813953488372 0.5 0.028488372093023257 0.0078125
2 0.7813953488372093 0.5296875 0.009883720930232558 0.003125