0 0.6668108848300601 0.5621318577106256 0.22738614825029516 0.31281304378732655
4 0.3953324742596564 0.5268794630496184 0.3198747371855998 0.34150304787138913
4 0.2174939757425312 0.5157023076550349 0.08794962205284093 0.18546668094579868
0 0.05033130432559829 0.5140638064207639 0.10066260865119658 0.0821423124046877
3 0.023393807263462026 0.5197864763486459 0.015066584486680367 0.00581424211621524
1 0.02841422969686388 0.49253364532659727 0.010506418479069145 0.008830139342673604
2 0.024064969316740546 0.5416978439398263 0.008784750988583173 0.0048875217514929405
1 0.39302982802370867 0.4298589926848962 0.04947075939154013 0.04564046153100705
3 0.31187532851800026 0.4256241279435072 0.06581334239534575 0.044459821238402954
2 0.4084917074537424 0.6069488227570142 0.04291967045623544 0.01895067496187508
1 0.6697833290122919 0.43160855632385475 0.0354573389353046 0.027362587005972293
3 0.6982028062748789 0.5401847757386464 0.04889775642579046 0.031577961531007046
2 0.7303229450964528 0.6730888479269798 0.048515754448624195 0.022202961531007048