0 0.177382853125 0.5881238703125 0.19093581875 0.592330709375 0.211601190625 0.5946765593750001 0.24910079375 0.594586690625 0.2963655234375 0.592433996875 0.33912005 0.5936765640624999 0.352297046875 0.5956435625000001 0.3636815109375 0.598571840625 0.3689725171875 0.5986641953125 0.4017230625 0.5950174453125 0.41816689374999994 0.5908379203125 0.4392363890625 0.57929488125 0.46689077812499996 0.56885935 0.4799155203125 0.5608980171875 0.49951071875 0.5545402234375 0.509355225 0.5497492234375 0.5462327890625 0.5407153921875001 0.5614693328125 0.5325445234374999 0.586651415625 0.5161104328125 0.597670884375 0.5042729703125 0.5927449874999999 0.43110423593749997 0.582213165625 0.4229857109375 0.556982878125 0.4223365 0.49089878125 0.42201823593750004 0.45965768125000006 0.4237698 0.4216270671875 0.429161403125 0.373107846875 0.43771085000000004 0.3598756625 0.445832190625 0.22122864999999997 0.46899511875 0.1894584953125 0.4761664546875 0.183868071875 0.48964138437500004 0.1655184203125 0.48222161718749995 0.16325481875 0.4975536359375 0.15826974375 0.547591271875 0.161045853125 0.558309828125 0.1703707703125 0.5713759703125 0.17317574375 0.5811024640625 0.177382853125 0.5881238703125
0 0.6689163015624999 0.510441071875 0.6911642203125 0.5038814390625 0.700668840625 0.4956105203125 0.7034731078124999 0.49020034843750004 0.709918046875 0.43547349999999996 0.709591884375 0.41636088437499996 0.7076326625 0.4078898640625 0.7046689234375 0.4036197203125 0.69725993125 0.40051269375 0.68271688125 0.40001070156249996 0.67165065625 0.401306390625 0.6319825484375 0.4001176984375 0.6160517999999999 0.40182476093749997 0.5951410671875 0.40791145 0.583973809375 0.4126793609375 0.5646102484375 0.42623731249999997 0.5644659171875 0.43119763125 0.577795171875 0.44309295937500004 0.583729865625 0.4513852296875 0.5860015265625 0.49460156250000004 0.58760643125 0.5000886953125 0.5919434375 0.5026458171875 0.614394128125 0.5042784046875 0.64351630625 0.504042309375 0.6689163015624999 0.510441071875
0 0.34459119375 0.3921235609375 0.35390096875 0.390549071875 0.3688849328125 0.391058759375 0.37690803906250003 0.3882211015625 0.380514759375 0.38555449531249997 0.3825670875 0.375664646875 0.381677328125 0.36076060625 0.37478863281249997 0.3549331 0.369562578125 0.35260860156249996 0.3571663828125 0.3541292203125 0.3275888546875 0.35485365 0.239520896875 0.34934615 0.2041537125 0.35195465625 0.1952776390625 0.35378485937500004 0.1899000359375 0.3566686953125 0.18687205625 0.3697673578125 0.1901107328125 0.3797495640625 0.19439722343750002 0.38404279531249996 0.20315783281250002 0.386180846875 0.212402659375 0.3868385 0.257817121875 0.3876312125 0.279949575 0.3850398328125 0.2940661390625 0.385038096875 0.305465034375 0.3874703421875 0.31999365 0.388468365625 0.335787284375 0.39147360625 0.34459119375 0.3921235609375
0 0.752120446875 0.5314966109375 0.750010384375 0.5433705875 0.749657484375 0.5706600296875 0.74708485625 0.5832703578125 0.7464209359375 0.6060878171875 0.749132096875 0.61903851875 0.7534330203125 0.62283571875 0.7693782015624999 0.6206326234375 0.7912941578125 0.6254817203124999 0.816759103125 0.6296483421875 0.8298278531250001 0.6353355765625001 0.8429615515625001 0.6387906703125 0.8552567156249999 0.6407422765625 0.88476929375 0.6422499875 0.9343619984375 0.6510561703125 0.9550706703125 0.651913925 0.9639828265625001 0.64884364375 0.9680593296875 0.6451926718750001 0.9713694609375001 0.637558053125 0.9731670843750001 0.590938765625 0.9767074359375 0.560230975 0.9850617937499999 0.5308479234375 0.9868081921874999 0.47082808125 0.974968378125 0.468388140625 0.9652682031250001 0.46821882343750004 0.923713746875 0.4712156140625 0.8896043656250001 0.476079353125 0.8727412671874999 0.47950713437500003 0.8435541421874999 0.4819753734375 0.8067343093750001 0.48902507812499996 0.776976365625 0.49594990625 0.7716420625 0.49734564687500005 0.767153509375 0.49999685781250003 0.7602510921875 0.50980205 0.752120446875 0.5314966109375
0 0.140169509375 0.33743814843750003 0.11586133437499999 0.338998984375 0.1064866109375 0.342805615625 0.1072457640625 0.347037278125 0.11453929375 0.3541125578125 0.1330866765625 0.3534437375 0.14495535625 0.35489161406249997 0.15414245 0.3575333953125 0.18986395312499998 0.35790877499999996 0.208960503125 0.3535274109375 0.219715709375 0.3477597390625 0.2189204734375 0.34476815625 0.20534585781249998 0.34130536718750004 0.1744527953125 0.34175869375 0.14986246718750001 0.33785548125 0.140169509375 0.33743814843750003
1 0.2648351090002802 0.4884620767026357 0.05036371285298147 0.013372753246410874
1 0.6064519591585646 0.4334565714243347 0.0315455166930473 0.010701720779006862
1 0.8649571294542513 0.5216050024290414 0.04581260517284953 0.017978432629559827
3 0.3148063652684864 0.5440496034879969 0.05070469365265158 0.025091503246410872
3 0.6351165167595545 0.46913101866439105 0.039448944906292735 0.01396308847375849
3 0.9133886177757689 0.5763840056754523 0.016079641066226814 0.015897735389503433
2 0.32117838572245744 0.5668285844132734 0.03609662437317933 0.00609604139585791
2 0.6455993756933276 0.4849469334370434 0.02672162437317933 0.005932400162155816
2 0.9140501958307297 0.6342374159838778 0.04413644490629309 0.014044909090609537