0 0.6890625 0.5621318577106256 0.21484375 0.31281304378732655
4 0.41640625 0.5268794630496184 0.30625 0.34150304787138913
4 0.23828125 0.5157023076550349 0.08046875 0.18546668094579868
0 0.0671875 0.5140638064207639 0.10546875 0.0821423124046877
3 0.04453125 0.5197864763486459 0.01484375 0.00581424211621524
1 0.0484375 0.49253364532659727 0.01015625 0.008830139342673604
2 0.04609375 0.5416978439398263 0.00859375 0.0048875217514929405
1 0.41015625 0.4298589926848962 0.04765625 0.04564046153100705
3 0.32890625 0.4256241279435072 0.0640625 0.044459821238402954
2 0.4328125 0.6069488227570142 0.0421875 0.01895067496187508
1 0.68671875 0.43160855632385475 0.034375 0.027362587005972293
3 0.71953125 0.5401847757386464 0.04765625 0.031577961531007046
2 0.75703125 0.6730888479269798 0.04765625 0.022202961531007048