0 0.20078125 0.621875 0.29296875 0.3421875
0 0.36171875 0.63984375 0.05078125 0.11015625
4 0.80703125 0.6171875 0.209375 0.3328125
4 0.6171875 0.60859375 0.17890625 0.3921875
4 0.475 0.63046875 0.11953125 0.16328125
1 0.6671875 0.496875 0.03203125 0.053125
1 0.87890625 0.52421875 0.0265625 0.03828125
1 0.3625 0.60234375 0.009375 0.015625
1 0.1359375 0.47421875 0.05 0.03671875
3 0.18125 0.6 0.0421875 0.02890625
3 0.3703125 0.6421875 0.01015625 0.01015625
3 0.6015625 0.49375 0.06484375 0.05703125
3 0.82578125 0.5234375 0.05234375 0.04375
2 0.89765625 0.69296875 0.0203125 0.01875
2 0.68671875 0.6921875 0.034375 0.025
2 0.18046875 0.72109375 0.03984375 0.02109375
2 0.375 0.68203125 0.01015625 0.00859375