0 0.5739236890625 0.5731358890625 0.5713084203125 0.600321578125 0.566328446875 0.6226335609375 0.5662454984374999 0.6368444765625 0.5698964640625 0.639690753125 0.5799804515625 0.642973221875 0.5843523734375 0.646785578125 0.5897582781249999 0.670056553125 0.591898059375 0.673946859375 0.5950683890625 0.67614908125 0.6203121296874999 0.677580484375 0.699056309375 0.6695439734375 0.7540542609374999 0.6702667531250001 0.7682604359375 0.6667968921874999 0.770058121875 0.6640907640625 0.7727845796875 0.6534221437500001 0.7777662703125 0.6416835109375 0.780779228125 0.6293527937500001 0.779085865625 0.6062825921874999 0.7814821890625 0.5672094624999999 0.78355435625 0.4888277859375 0.78288384375 0.464400190625 0.7803061718750001 0.4367350046875 0.7798665640625 0.402386775 0.7783074796875 0.39484158125 0.776206184375 0.3892978375 0.774035615625 0.38673028125000003 0.7635017796875 0.3814810078125 0.7309868921875 0.3730343 0.7030996421875 0.368060603125 0.6805455921875 0.36818736875 0.6519929796875 0.3705061234375 0.632299665625 0.375489278125 0.6135060546875 0.384406040625 0.5905269609375 0.3921472875 0.586233721875 0.39560140312500003 0.5803138453125001 0.4050598609375 0.578927525 0.4113862359375 0.577048609375 0.43887662968749996 0.5768117234375 0.45970130156250005 0.5752791640625 0.47231074375000004 0.57449751875 0.527187603125 0.5732300859375 0.5497003578124999 0.5739236890625 0.5731358890625
4 0.25026719062499997 0.58667560625 0.2511917 0.600190503125 0.2489381828125 0.6118338640625 0.2489339203125 0.6333112515625 0.25045451875 0.642509884375 0.2537805015625 0.6486717 0.261609253125 0.65302418125 0.268034575 0.6537910625000001 0.3032836171875 0.6512384625000001 0.3096781515625 0.6533280921875 0.32755240625000004 0.6626164828125 0.3758693203125 0.6629117328125 0.4384249140625 0.66898771875 0.46758729375 0.651117975 0.494857909375 0.6293492640625 0.5287095015625 0.612307025 0.5376132640625 0.6024139468749999 0.5453539187499999 0.5892572953124999 0.550133775 0.575543196875 0.553964315625 0.538732915625 0.5568951531249999 0.49798902656250005 0.559009240625 0.43910061093749997 0.558573065625 0.42589907968749996 0.5558739609375001 0.4140982484375 0.55157900625 0.4069790125 0.528525490625 0.3859764015625 0.507915365625 0.3771139703125 0.4610813953125 0.3450467046875 0.4510051078125 0.3414335484375 0.44459517968749995 0.34000529375 0.4144065140625 0.3380857328125 0.331382771875 0.3383416328125 0.3196875421875 0.340402134375 0.2824945734375 0.35194393281249997 0.275892225 0.3587828734375 0.2713988671875 0.3708348703125 0.2691453515625 0.38247823125 0.2687545296875 0.40991666093749995 0.26416454843750004 0.44741429843749997 0.2620239375 0.4861480796875 0.259995346875 0.49877484375 0.258193396875 0.5229583609375 0.253866825 0.5597859609375 0.2507999890625 0.5744314968750001 0.25026719062499997 0.58667560625
4 0.24243245781249997 0.5932271625000001 0.2489501421875 0.5900257890625 0.2520879671875 0.5829774140625 0.25578168125 0.5626928640625 0.257150890625 0.54645451875 0.26092926875 0.5225324031249999 0.26264311875 0.480839753125 0.2638158703125 0.4571492859375 0.2667625171875 0.43355675624999995 0.26875309999999997 0.40983781874999997 0.23378429218750002 0.4111378484375 0.2281107140625 0.41001429843750004 0.20544121093749998 0.41510138124999996 0.1994349515625 0.4176240578125 0.1933440265625 0.42378430156249997 0.1881374109375 0.43453953125 0.186921309375 0.4867882078125 0.18807074375 0.50128650625 0.18802544999999998 0.5564680703125 0.189809459375 0.5649966656250001 0.2000183109375 0.5735614796874999 0.209600284375 0.5877653078125 0.215979425 0.5905163140624999 0.22757459687499998 0.5927547546875 0.24243245781249997 0.5932271625000001
0 0.04919073125 0.5496186609375 0.0569057375 0.54910505 0.0631928421875 0.547187315625 0.0666551453125 0.5462173124999999 0.06758629375 0.53905241875 0.0695809578125 0.5299823859374999 0.07760468125 0.5246076359375 0.084997909375 0.5134810671875 0.09350790625 0.509108246875 0.1076328140625 0.5098037296875 0.10674759687499999 0.48215421562499994 0.0981627046875 0.47918135937499995 0.0849984890625 0.46966786562499996 0.0450394109375 0.4724455703125 0.022446874999999998 0.47422577656250003 0.013084601562500001 0.47963611093749997 0.0060562265625 0.48056081875 0.0029526921875 0.48253720468749994 0.0026471875 0.49018970624999997 0.0030987671875 0.49815540937499997 0.0020182171875 0.5172128171875 0.007198281250000001 0.519069746875 0.014124714062499998 0.5279980703125 0.016836626562500002 0.5428473968749999 0.015144428125000001 0.5498690609375 0.021607415625 0.55134154375 0.04919073125 0.5496186609375
3 0.032457209728055124 0.5171949344835707 0.014971036569131946 0.005987105172143003
1 0.03699989257371487 0.4897147752277434 0.010356271751493062 0.008948414065150522
2 0.03351056345152732 0.5390153707812397 0.008702852773541669 0.004987600362819577
1 0.4003733679724302 0.40598952813815037 0.048692726348645896 0.04619544292109108
3 0.31917791935920103 0.40648309065935484 0.06506260875746532 0.04520586179556503
2 0.41892008016902726 0.5817608544543529 0.04260572729857639 0.019441969962933035
1 0.6770449707459718 0.3916442528255889 0.03499324905006951 0.027762901451278844
3 0.7073481069545136 0.4983109150766409 0.048365418028020815 0.032132942921091076
2 0.7417750454997564 0.6290326362207004 0.04814721248093754 0.022757942921091078