0 0.6077452640625001 0.4172022203125 0.59063216875 0.42050909843750006 0.5683107406250001 0.42778423125 0.5137472484375001 0.43109110937499995 0.49911431093749997 0.4340673 0.47902502656249996 0.44035036875 0.44628693124999996 0.4426651828125 0.44157462968749994 0.44497999843749997 0.43835042187499995 0.450271003125 0.436862328125 0.450932378125 0.4274377234375 0.45456994531249995 0.41032462968749994 0.457215446875 0.400652009375 0.463498515625 0.375106375 0.4717657125 0.36816193125 0.476064653125 0.361961534375 0.48333978593750004 0.3607214546875 0.4869773515625 0.3604734390625 0.5144244421875 0.36220955 0.5802313203125 0.35997740624999996 0.5851916375 0.35625716875 0.601064653125 0.356505184375 0.6179297328125 0.3604734390625 0.64140856875 0.36245756562500003 0.6443847593750001 0.3738662953125 0.65430539375 0.3822988359375 0.6589350234375 0.3894912953125 0.6675329078125001 0.43115796250000005 0.6800990453125 0.4423186765625 0.687374178125 0.450255184375 0.6893583046875 0.4549674859375 0.6867128015625 0.47034447031250004 0.672493225 0.47927304218750005 0.6672022203125 0.48398534375 0.662241903125 0.49316193124999996 0.655958834375 0.500354390625 0.6486837015625 0.5090349468750001 0.643392696875 0.5276361374999999 0.6364482515625001 0.5531817718750001 0.6354561875 0.5697988359374999 0.6304958703125 0.5921202640625001 0.6209059234375001 0.6020408984375 0.6142921671875 0.6112174859375 0.6103239125 0.6419714546875 0.5901519546875 0.6580924859375 0.5832075109375 0.6655329625 0.5765937546875 0.668509153125 0.5716334375 0.6734694703125 0.5587366109375 0.6804139140625 0.5517921671875 0.6947988359374999 0.551130790625 0.70595955 0.5521228546875 0.7141440734375 0.550800103125 0.71836034375 0.5494773515625 0.728280978125 0.5422022203125 0.73125716875 0.537572590625 0.7332412953125 0.525337140625 0.73497740625 0.476064653125 0.737457565625 0.44398793437500006 0.737457565625 0.42811491874999996 0.7362174859375 0.42381597656250003 0.7300170890625 0.4172022203125 0.7173682796875 0.41290327812500005 0.706207565625 0.4105884640625 0.6799178828125 0.4092657125 0.6526361374999999 0.40496677031250006 0.6427155015625 0.4056281453125 0.6290746296874999 0.4089350234375 0.6077452640625001 0.4172022203125
0 0.3125853328125 0.569783928125 0.360471875 0.580664384375 0.360199784375 0.4791134578125 0.4380154171875 0.46315546718749995 0.442368746875 0.453725734375 0.5574596890625 0.4290633640625 0.5552830109375 0.3862669125 0.5487530296875 0.3717596359375 0.496182303125 0.37143360468750003 0.32047573281249997 0.4268872734375 0.3098645109375 0.438493096875 0.3125853328125 0.569783928125
4 0.5820932546875001 0.3419312171875 0.5798611109375 0.37400793593750004 0.5796130953125 0.3921957671875 0.58407738125 0.4007936515625 0.593501984375 0.40707672031250003 0.621527778125 0.4044312171875 0.6272321421875 0.3984788359375 0.6299603171875 0.39153439218749997 0.62822420625 0.3700396828125 0.627480159375 0.341269840625 0.621527778125 0.32903439218749997 0.6108630953125 0.32374338593749996 0.6009424609375 0.3144841265625 0.5954861109375 0.31150793593750004 0.591021825 0.31679894218750004 0.5885416671875 0.328042328125 0.5820932546875001 0.3419312171875
0 0.5359623015625 0.340608465625 0.537450396875 0.35548941875 0.5431547625 0.3630952375 0.5538194437499999 0.372023809375 0.5575396828125 0.3733465609375 0.5679563484375 0.3736772484375 0.5731646828125 0.37169312187500003 0.5766369046875 0.36805555624999997 0.578373015625 0.359126984375 0.578373015625 0.3449074078125 0.5766369046875 0.337632275 0.5726686515625 0.33201058125 0.5662202375 0.32771164062499997 0.55927579375 0.3174603171875 0.5458829359374999 0.3144841265625 0.5401785718750001 0.3177910046875 0.5399305562500001 0.32771164062499997 0.5359623015625 0.340608465625
4 0.702876984375 0.33101851875 0.700396825 0.3389550265625 0.7008928578125 0.36673280468749997 0.7048611109375 0.3763227515625 0.709325396875 0.38062169375 0.7137896828125 0.3822751328125 0.7450396828125 0.387896825 0.7566964281249999 0.38624338593749996 0.7641369046875 0.38194444375000003 0.765625 0.3773148140625 0.7633928578125 0.3703703703125 0.7633928578125 0.36607142812500004 0.768601190625 0.3541666671875 0.77802579375 0.34391534375 0.7790178578125 0.340608465625 0.7772817453124999 0.33697089999999996 0.7728174609375 0.33201058125 0.759424603125 0.3240740734375 0.719494046875 0.32076719531250003 0.7115575390625 0.3227513234375 0.7068452375 0.325396825 0.702876984375 0.33101851875
1 0.42299963281249997 0.5094677640625 0.3905481796875 0.4998168109375 0.3886853703125 0.5158290062499999 0.42322686562499995 0.5258252453125001 0.42299963281249997 0.5094677640625
1 0.46117708281249997 0.5124969234375001 0.46163156875 0.5330952375 0.49071914375 0.5234019109375 0.49071914375 0.5040152703125 0.46117708281249997 0.5124969234375001
3 0.43822514999999995 0.619123475 0.43799791718750003 0.597010575 0.4014598875 0.5848371953125 0.40141117968750006 0.5842880890625 0.3995932125 0.6079155625 0.43822514999999995 0.619123475
2 0.43630552187499994 0.6730985734375 0.4137355578125 0.662583109375 0.41312635625 0.6697664890625 0.43585101406250004 0.679459815625 0.43630552187499994 0.6730985734375
1 0.36015625 0.45390625 0.0234375 0.0171875
1 0.6171875 0.35234375 0.00703125 0.009375
3 0.59921875 0.3515625 0.01484375 0.01015625
2 0.6203125 0.3875 0.0078125 0.003125
1 0.765625 0.34375 0.0078125 0.0078125
3 0.75390625 0.34296875 0.0140625 0.009375