0 0.5432513050895837 0.4846832110315713 0.49955193721406277 0.34507290742663255
1 0.352897755602674 0.4402260976938651 0.038063697663298604 0.02640287628012423
3 0.37690025968673657 0.5303582740304591 0.0302511976632986 0.02594784997176518
2 0.39150957997520885 0.6202552319370843 0.02763469072944442 0.014092592079257216
2 0.7542959482319795 0.37616724281336394 0.03017846248093754 0.02282284997176518
0 0.7659393502080906 0.23780269282748137 0.14119131050482653 0.16660221302712266
0 0.7584703826931598 0.15218371124333283 0.21010365824437507 0.11054119980235595
1 0.7925193807932989 0.20339760074822397 0.015116506933854268 0.01258329998588259
1 0.8375578174386806 0.1217611928980685 0.014262521751493295 0.009412797355046632
3 0.808490526119896 0.2509705507623415 0.01746025693385427 0.012719807878390377
3 0.8516209706490627 0.1545813981738578 0.011936955547083272 0.010057539462538845
2 0.8555278738594445 0.18799313765051412 0.010319904160312632 0.007622784200867016
2 0.814995752468542 0.29518328234648994 0.019749455547083274 0.010512565770898163