0 0.17213730697674418 0.5783471140625001 0.17497235930232558 0.588188728125 0.17920106046511627 0.5953745890625 0.19276636627906976 0.6000912406250001 0.2134379069767442 0.60321003125 0.25093519767441863 0.6045180359375 0.2981906720930233 0.60412501875 0.34094674069767444 0.6069628078125 0.35412913720930234 0.609423171875 0.36552208255813956 0.612779034375 0.370813088372093 0.6130687359375 0.4035505255813953 0.610638959375 0.41998047325581395 0.6070679203125 0.4410129523255814 0.596297821875 0.46863340813953486 0.586881915625 0.48163269999999997 0.5793975046875001 0.5012070767441861 0.573763315625 0.5110361593023256 0.56933411875 0.5478836465116279 0.5616652703125 0.5630939697674419 0.5540535515625 0.5882236104651163 0.5385404125 0.5992056906976745 0.5271009109375 0.5940526604651163 0.4536691734375 0.5834961802325581 0.44514921875 0.5582652418604651 0.4435587296875 0.4921837406976744 0.4407765296875 0.4609497802325581 0.4413653359375 0.42293798604651167 0.44534502187499997 0.3744479686046512 0.4520949640625 0.3612417406976744 0.45973182343749996 0.22267423953488372 0.47775116874999995 0.1909280953488372 0.4837459046875 0.18537985348837208 0.4970270421875 0.1670081360465116 0.488915159375 0.16479230930232558 0.504179421875 0.15996301627906978 0.5540854937499999 0.16277228720930234 0.5649191703125 0.17213730697674418 0.5783471140625001
0 0.6159280441860465 0.5277297875 0.6450479093023256 0.5285790984375 0.6704664139534884 0.5359317046875 0.692692738372093 0.5301943515625 0.702171138372093 0.5222687890625 0.704958438372093 0.516957290625 0.7112329430232559 0.4624113421875 0.7108474 0.4432658359375 0.7088619546511628 0.43471258749999997 0.7058851058139535 0.43032732500000004 0.6984668581395349 0.42694072343749995 0.6839230395348838 0.42589602812500005 0.6728614406976744 0.426780578125 0.6331917906976744 0.42411178437499997 0.6172672127906976 0.42522680625 0.5963765290697675 0.430540553125 0.5852246965116279 0.434897325 0.5659043220930232 0.44774811718749996 0.5657754151162792 0.45270843593750004 0.5791409151162791 0.46511357656249996 0.5851010593023256 0.4736360859375 0.5875069093023256 0.5169839828125 0.5891287813953489 0.5225368984375 0.5934734988372092 0.5252584765625 0.6159280441860465 0.5277297875
0 0.321183611627907 0.4008189890625 0.3369857290697674 0.40441626875000003 0.34579118023255817 0.4053951359375 0.3550955569767442 0.404166003125 0.3700802930232558 0.40523484062500004 0.3780941453488372 0.40269320156250005 0.38169238139534883 0.4001581609375 0.3837138627906977 0.39033409375 0.3827778302325582 0.3753807171875 0.37587139883720927 0.3692900828125 0.37063840116279073 0.3667682375 0.3582476058139535 0.36782837968750004 0.32867393255813954 0.36745095625 0.24059363604651163 0.35865434218750003 0.20523647790697672 0.359947203125 0.19636657325581394 0.36144849375 0.19099822441860467 0.3641349828125 0.18801111976744186 0.3771349734375 0.19128064302325581 0.38724874374999996 0.1955802441860465 0.3917064296875 0.20434702325581394 0.39417339375 0.2135933918604651 0.395176403125 0.25900785465116277 0.397663009375 0.2811310534883721 0.395893909375 0.2952468465116279 0.39641843125 0.30665268372093024 0.39927826093749996 0.321183611627907 0.4008189890625
0 0.7686658337209303 0.5291384078125 0.7617942627906976 0.538696915625 0.7537314837209302 0.5601119031249999 0.7516584395348836 0.5719200953125 0.7513903720930233 0.5992259843750001 0.7488570744186046 0.611754084375 0.7482641046511628 0.63457154375 0.7510153674418604 0.6476373640624999 0.7553278581395348 0.65159901875 0.7712653279069768 0.649987965625 0.7931951662790697 0.655659340625 0.8186716790697675 0.6607798046875 0.8317573953488373 0.6669604078125 0.8449011197674419 0.67090886875 0.8572016813953488 0.67332095 0.8867173453488372 0.6759305140625 0.9363347290697674 0.6865950468750001 0.9570449418604651 0.6882257421875 0.965947073255814 0.685484371875 0.9700120069767442 0.6819814109375 0.9732982325581395 0.6744619125 0.9749508709302326 0.6278590687500001 0.9783955930232558 0.5972499515624999 0.9866581779069767 0.568146475 0.9882179465116279 0.5081266328125 0.9763711930232558 0.5052426609375 0.9666710162790698 0.5047115421874999 0.9251281279069767 0.5061624499999999 0.8910357127906977 0.5097598796875 0.8741841837209302 0.5125627296874999 0.8450063104651163 0.5139455609375 0.8082103860465116 0.5196302828125 0.7784755790697675 0.5254532578125 0.7731459023255814 0.5266516515624999 0.7686658337209303 0.5291384078125
0 0.17550548255813955 0.34863294218749996 0.15090435930232557 0.343808778125 0.14121062790697675 0.3430296421875 0.11690862441860464 0.34368597031250003 0.10754623953488372 0.347147246875 0.10831850465116279 0.3514118 0.11563362558139535 0.3587666546875 0.13417792558139535 0.3587885484375 0.14605046046511627 0.3606804546875 0.15524526744186046 0.3636675921875 0.1909659976744186 0.36537506249999996 0.2100478941860465 0.361700859375 0.22078459302325582 0.35632788125000003 0.21998010232558138 0.35330340625 0.20639546162790698 0.3493308046875 0.17550548255813955 0.34863294218749996
1 0.26592095563058615 0.49884199558855674 0.0503248443673651 0.015237680836358791
1 0.6076208509912584 0.45652709197541624 0.031077889536856335 0.011843425399151286
1 0.8664949659124113 0.5544140826210572 0.045214102865592194 0.019638679353484
3 0.31624394756987545 0.5563626769192072 0.05121078131060712 0.02698826433445607
3 0.6363583889987416 0.49330685037837324 0.03988003086125562 0.015445927870609388
3 0.9150940745781493 0.6110580134574161 0.016103729877810894 0.016484504448624194
2 0.32263191134007274 0.5794009288963735 0.03618863103862924 0.007442426882026254
2 0.6469988451674424 0.50953668684222 0.02630491010839668 0.006901257414373774
2 0.9159172507744346 0.6689978474498048 0.04394979830311608 0.015668762357289624