0 0.4210255703125 0.47233156718749997 0.413595525 0.5592466046875 0.41313038437499994 0.5929652203125 0.414971403125 0.6252361453125 0.41800098124999996 0.63446468125 0.4219952078125 0.6389982328125 0.436877603125 0.639505996875 0.47228428750000007 0.6440918734375 0.4802597546875 0.650926834375 0.48660486875000003 0.6617011890625 0.49025830625 0.6644928578125 0.4952287234375 0.6663155515625 0.5044822109375 0.6654851078124999 0.5213184328125 0.6608191718749999 0.5391770203124999 0.6613788859375 0.5589937593750001 0.6575089468749999 0.574219828125 0.660254625 0.601330459375 0.6597358812499999 0.627476440625 0.6639121203125 0.6489697078125001 0.664039296875 0.656234740625 0.6624301734375 0.6671200234375 0.6579083531250001 0.6899216109374999 0.655578459375 0.69949135625 0.6522736296875 0.71296586875 0.6381253671875 0.7159146437499999 0.633465015625 0.7276779999999999 0.609367259375 0.731231878125 0.5950458328125 0.73107604375 0.56826011875 0.72590073125 0.5312191703125 0.7241030015625001 0.506388721875 0.7217275828124999 0.49593165 0.713359384375 0.478426234375 0.7023730968749999 0.46558694375 0.69074130625 0.4554642828125 0.6738084109375 0.44351315468749997 0.665495040625 0.4354323421875 0.652544828125 0.42603064062499996 0.6482343421875 0.423971475 0.63699095625 0.423775221875 0.610885375 0.42654342500000003 0.5917126953125 0.42744871875 0.55997099375 0.42763863593749996 0.5467362640625 0.42616767187500004 0.5341874421874999 0.42892451875 0.5216285187499999 0.4299452546875 0.48030119843749997 0.43071182812500003 0.4591501625 0.4325745515625 0.44228364062500003 0.43203215625 0.434354346875 0.43313370156250003 0.42908065781250004 0.4360175375 0.42646689843749996 0.441427709375 0.4210255703125 0.47233156718749997
0 1 0.5710793125 0.999545503125 0.5645145859375 0.9958040453124999 0.54659395 0.9953117515625 0.5188104 0.9919154125 0.50337569375 0.9852093109375 0.487387234375 0.9824815609374999 0.473204153125 0.976510421875 0.46987604687499995 0.9639370703125 0.468416625 0.8981258625 0.46652391406250004 0.847537840625 0.46688085 0.8211059 0.47038732968749997 0.8158278796875 0.47252711718749996 0.8141874281250001 0.4747304 0.8080183484375001 0.49421398125 0.805780009375 0.5073184187499999 0.8072265890624999 0.5854607359374999 0.8096900249999999 0.6110467749999999 0.8140322546875 0.618562290625 0.8170214328125001 0.62084638125 0.8226546671875001 0.6229286375 0.8266272515624999 0.62374195 0.8798651062499999 0.6241752390624999 0.8907850187499999 0.6256058 0.9132703484375 0.6257502921875 0.9393615000000001 0.6205019296875001 0.9899495234375 0.62014499375 1 0.61755854375 1 0.5710793125
4 0.7940974562500001 0.5453050640625 0.79263185625 0.520728403125 0.7889437874999999 0.5119843546875 0.7839531703125 0.5066894390625001 0.775004396875 0.5030613671874999 0.7455717374999999 0.5022996281250001 0.738630178125 0.5026744437499999 0.7350056 0.50484309375 0.7297852953125 0.5169035171874999 0.7292826421874999 0.5441737171875001 0.733003896875 0.55862213125 0.7356652718750001 0.561396484375 0.7383136593749999 0.5619386921875 0.7482213078125 0.5598797156249999 0.771041653125 0.560774028125 0.7793016359375 0.559678253125 0.785570275 0.557307765625 0.788862725 0.554885328125 0.7940974562500001 0.5453050640625
1 0.5439424601832133 0.44538778124629275 0.06183237948849527 0.020608554788538312
3 0.6093179961893711 0.5379258831127319 0.07677157825883114 0.03727390340856669
2 0.6392282099868216 0.5767253303527884 0.05633181323171641 0.015044347402212211
1 0.8940879059284871 0.4764970539711689 0.028202268052177005 0.013772173701106106
3 0.9522458395735128 0.5368811749123316 0.05476931323171641 0.01501707386326192
2 0.95255036660268 0.5892249249123316 0.045367042154477843 0.010165932629559827
1 0.7740026649054776 0.5134594914719928 0.014107951795397967 0.00805796185055314
3 0.7536901649054777 0.5131049354656383 0.028170451795397965 0.008303423701106104
2 0.7843316317279905 0.54332426947517 0.010174430718159221 0.0033022780031771505