0 0.43323647460937503 0.41926211181640627 0.4306756263020833 0.42477619287109375 0.4255349212239583 0.4559008579101563 0.4189490260416667 0.5431276259765625 0.41881096484374997 0.5768722177734374 0.4209646315104167 0.6090781987304688 0.42408319401041666 0.6181898374023438 0.4281207109375 0.6225675249023438 0.44300551041666664 0.622490796875 0.4784506751302083 0.6256868823242188 0.48649107617187504 0.6322101147460938 0.4929396048177083 0.6427376831054687 0.49661949739583333 0.6453864755859375 0.5016067506510417 0.6470143393554687 0.5108506184895834 0.645820212890625 0.5276387395833334 0.6404918530273438 0.5454997298177083 0.6403501762695313 0.5652755859374999 0.6357009150390625 0.5805257050781251 0.6378491137695312 0.6076267154947916 0.6362652954101562 0.6338087727864583 0.639415427734375 0.6552996341145834 0.638698337890625 0.6625478307291667 0.636803462890625 0.6733874192708332 0.6318530166015625 0.696162552734375 0.6286269013671875 0.70569862890625 0.6249453999023438 0.71903365234375 0.6102646020507813 0.7219367317708333 0.6054873515625 0.7334643997395833 0.5809220009765625 0.7368787877604167 0.5664576987304687 0.7364632141927084 0.539671984375 0.7309295592447916 0.5028258671875 0.7288913300781249 0.4780603623046875 0.7264149036458334 0.46769421142578127 0.7178783548177083 0.45051351318359373 0.7067694134114584 0.438102849609375 0.6950414231770834 0.42843479248046873 0.6779954921875001 0.41714608935546876 0.6696051634114584 0.40938999462890624 0.6565659661458333 0.4004948515625 0.6522362408854167 0.39860453955078123 0.6409928548177083 0.3988499013671875 0.6149185390624999 0.40264421337890627 0.5957578841145833 0.40430285107421876 0.5640233958333333 0.40573968505859376 0.5507766432291666 0.4047882666015625 0.5382566809895833 0.40803868505859375 0.5257097825520833 0.40955299267578127 0.4843968912760417 0.4119431533203125 0.46326750065104166 0.41463715380859373 0.44639857421875 0.4147571806640625 0.4384813053385417 0.41617045703125 0.43323647460937503 0.41926211181640627
0 1 0.47907744384765627 0.9966291881510417 0.4645264853515625 0.989769166015625 0.4487977998046875 0.9869043326822916 0.43471862744140627 0.9809019290364583 0.431624318359375 0.9683165520833333 0.430658466796875 0.9024981295572917 0.4313505078125 0.8519221315104167 0.43369471533203124 0.8255286712239583 0.43824029150390625 0.8202722975260417 0.44058789892578126 0.8186534889322917 0.4428561240234375 0.8126744049479168 0.4625864916992187 0.8105635286458334 0.4757818491210937 0.8127676809895833 0.55388519921875 0.8154788294270833 0.5793803188476563 0.8198932083333333 0.5867269799804687 0.8229040305989583 0.588894173828125 0.8285565065104167 0.5907556201171875 0.8325363040364584 0.5914130698242187 0.8857693489583333 0.5897551772460937 0.896701287109375 0.5907571118164062 0.9191842109375 0.5900183720703125 0.9452200481770833 0.5837439013671875 0.9957960468749999 0.5813996938476562 1 0.5801491044921875 1 0.47907744384765627
4 0.7908420071614582 0.5265764956054687 0.7941104062500001 0.524024171875 0.79925134375 0.5142360888671875 0.7975476497395834 0.4897113828125 0.7937754069010418 0.481110208984375 0.7887342838541667 0.4760101240234375 0.779751841796875 0.472732748046875 0.75031677734375 0.47312700244140626 0.7433800279947916 0.47377458154296875 0.73977709375 0.47608610595703127 0.734674634765625 0.48835434814453127 0.7344365286458333 0.51565052734375 0.7382972727864584 0.5299560659179687 0.7409851028645833 0.5326265087890625 0.7436383007812499 0.5330648081054687 0.7535243046875001 0.5306161694335938 0.7763494609375 0.5306142612304687 0.7845974173177083 0.5291937680664063 0.7908420071614582 0.5265764956054687
1 0.5484316378567009 0.42421448852810295 0.06150093889242406 0.020866758132041197
3 0.6149524334287835 0.5141023289461442 0.07673246611765124 0.03779509389839175
2 0.6441967356579877 0.5520514162300822 0.05620169889136347 0.014893722865484627
1 0.8984197906388977 0.4409991056354842 0.027548290002386306 0.013780310149422714
3 0.9572942923164351 0.49979322892004086 0.05424857389136347 0.01485110026552583
2 0.9581048767703363 0.5520393226700409 0.04570927666825734 0.009783589832371042
1 0.7792493195350337 0.4836523542662884 0.013785508334658894 0.007622576949711357
3 0.7584084106460564 0.4836187140825152 0.02810842500132556 0.007935142682742313
2 0.7894694778736698 0.5127361162664945 0.00980350277821973 0.002654519249793985