0 0.44775246511627903 0.3831811046875 0.436339438372093 0.38347508750000003 0.4278811255813954 0.3819526703125 0.420799223255814 0.37175089375 0.4133157906976744 0.3688514078125 0.4085948988372093 0.3684480484375 0.3922258511627907 0.3693443140625 0.36126682325581394 0.3743486625 0.3460058186046511 0.3841191796875 0.3391687639534884 0.3927666078125 0.33082643139534884 0.400172765625 0.32773538720930234 0.410600625 0.3238100895348837 0.414124778125 0.30900216162790695 0.420561259375 0.3038539662790698 0.42547606406250005 0.2999673279069767 0.4319764078125 0.29733795232558136 0.43973160624999996 0.291353461627907 0.47579896406250005 0.2941429011627907 0.4994726921875 0.29547001976744186 0.5252120234375 0.2935944093023256 0.5527813312500001 0.29338618139534883 0.574964575 0.29405516279069766 0.607358403125 0.29658799534883723 0.630384334375 0.30110382906976746 0.6341081515625 0.3115505639534884 0.6358526171875 0.36445526627906977 0.63891250625 0.3991141813953489 0.6512444953125 0.40582779302325583 0.6522005937500001 0.42492501511627906 0.6511549515625 0.4397673069767442 0.647363975 0.4556274360465116 0.64550280625 0.46629211860465114 0.6449188765625 0.49014459767441865 0.646922096875 0.5049697081395349 0.64180836875 0.5222019523255814 0.6309371515625 0.5302962686046512 0.6235445734375 0.5376894941860465 0.619499615625 0.5663820139534883 0.61197198125 0.5814379581395349 0.6055219234375 0.6009023441860465 0.5945284859375 0.6169847162790698 0.5906696109375 0.6290687651162791 0.584713196875 0.6516553918604651 0.584800190625 0.6816567220930233 0.5824956609374999 0.6925479418604651 0.5802447125 0.7046405813953488 0.5749496749999999 0.7095579430232558 0.5713712015625 0.7132180430232559 0.5665378750000001 0.7194731558139534 0.55130385 0.7250959046511628 0.544708446875 0.7445946558139535 0.5363605125 0.7775925255813954 0.5163529921875 0.7795422895348838 0.5135988515625 0.782389611627907 0.5035152593750001 0.7842437441860465 0.47429251250000004 0.7809141895348837 0.42814559374999994 0.7808357418604651 0.4029997390625 0.7790297732558139 0.3786103171875 0.7786517627906977 0.34950978906249996 0.7770390965116278 0.34000132031249997 0.77550375 0.3364452328125 0.7642055779069767 0.3264743125 0.726186123255814 0.3229303234375 0.7119933767441861 0.319405428125 0.6993359755813954 0.3194366203125 0.6877178895348837 0.3230510609375 0.6260263709302326 0.3313927390625 0.5856814 0.339889309375 0.5493433418604651 0.3511447953125 0.5337870709302325 0.357291325 0.5135786372093023 0.3683255015625 0.4967221488372093 0.3699103 0.48486463837209304 0.3741996953125 0.4759489534883721 0.37568063125 0.4620514744186046 0.375779721875 0.457612961627907 0.378008284375 0.4561506395348837 0.38007389062499997 0.44775246511627903 0.3831811046875
1 0.3484192053736745 0.44140631962075166 0.03752389942603185 0.026256093878220456
3 0.37111818362751253 0.5316347301911554 0.029965759891148126 0.025842258402957084
2 0.3850860833552296 0.6215593932330171 0.02748795409235548 0.013996174410568153
2 0.7502170755037516 0.3787525389374923 0.029925166716896264 0.022717258402956998
0 0.7519239325581395 0.31721908593750003 0.7963617290697674 0.31809518593749997 0.8119867290697674 0.317239659375 0.8169298639534883 0.3156453125 0.8257854116279069 0.30953474999999997 0.8301680802325582 0.3030072453125 0.83254085 0.2946042515625 0.8291371418604652 0.223642165625 0.8258258976744186 0.19801147187499998 0.8240253523255814 0.1931462125 0.8154553546511628 0.1830259140625 0.7999366174418604 0.17295516093750002 0.7772597825581395 0.1659237234375 0.7526417779069767 0.16230780312499998 0.7454450220930232 0.162370928125 0.7115312813953489 0.1691916734375 0.6999518546511627 0.1757823046875 0.6975232441860465 0.1798863546875 0.6940779220930232 0.2012540734375 0.6943012918604651 0.218449840625 0.6997083488372093 0.2525697796875 0.700376203488372 0.2657701328125 0.703785119767442 0.2798131734375 0.7086391755813954 0.29046785625 0.7149297802325582 0.29707280625 0.7266681406976745 0.3027176265625 0.7409468 0.312856278125 0.7519239325581395 0.31721908593750003
0 0.8133865395348837 0.1898650765625 0.8362640418604652 0.1990945609375 0.8412243593023255 0.198822965625 0.8527711453488372 0.1989248140625 0.8596507151162791 0.1985481328125 0.8601856930232558 0.1808448546875 0.8596428813953488 0.1455286453125 0.8598081534883721 0.12003852343750002 0.857990426744186 0.1138505125 0.8514603976744186 0.10792051875 0.8346082058139535 0.10983600468750002 0.8107342476744186 0.10617934531249999 0.7876429988372093 0.1054581375 0.7546482965116279 0.1066028703125 0.7286195162790698 0.109020809375 0.7102491593023256 0.108702959375 0.6996059546511628 0.1109403296875 0.6881972244186046 0.11156499843750001 0.6740345465116279 0.11035491875 0.6608897046511628 0.1110746453125 0.6553743453488372 0.1259372453125 0.6560132581395348 0.15601625937500002 0.6525894151162791 0.1790374140625 0.6569775069767443 0.192034071875 0.6620452139534884 0.200029671875 0.6761907104651163 0.199917003125 0.6848454918604652 0.1974575828125 0.6902288162790697 0.1915371359375 0.6950817441860465 0.18299834375 0.6992507627906976 0.17912992187500001 0.7177167313953489 0.16621316875 0.7758549953488372 0.166428728125 0.8133865395348837 0.1898650765625
1 0.7898652126233147 0.20614802707449414 0.015268503473210985 0.012546420950527094
1 0.8359332582292741 0.12466326372862131 0.014065119601285238 0.009357753954332715
3 0.8050292905451458 0.2537896896220643 0.017594084868560088 0.012673754942915848
3 0.849160332526898 0.157556676770483 0.011749686499499232 0.010011669961943914
2 0.853666476591964 0.19092759228380263 0.009975055572298844 0.007572419467652347
2 0.8114216967666043 0.2980026046410923 0.019889221383220163 0.010457338935304605