0 0.5892857139534884 0.40608465625 0.5830853174418604 0.41446208125000006 0.5786210313953488 0.425485009375 0.5771329360465116 0.43298059999999994 0.5756448406976744 0.4594356265625 0.5749007941860466 0.5101410937499999 0.5716765872093024 0.5533509703124999 0.572420634883721 0.594797178125 0.574156746511628 0.6071428578125 0.5791170639534884 0.6146384484375 0.5870535709302326 0.6208112875 0.5927579360465116 0.63271605 0.5939980162790698 0.6428571421875 0.5964781744186046 0.6459435625000001 0.605654761627907 0.6481481484375 0.6674107139534884 0.650352734375 0.6840277779069767 0.6547619046875 0.696924603488372 0.6556437390625 0.7038690476744185 0.64770723125 0.7115575395348838 0.6335978843750001 0.7271825395348838 0.6102292765625 0.7356150790697674 0.5811287484375 0.7410714290697674 0.5454144624999999 0.7418154767441861 0.5299823640625 0.7366071430232558 0.484126984375 0.7356150790697674 0.455467371875 0.7311507941860464 0.4448853609375 0.7264384918604652 0.4378306875 0.7127976186046512 0.42372134062500005 0.6934523813953488 0.4082892421875 0.6708829360465117 0.3981481484375 0.6408730162790698 0.3963844796875 0.607638888372093 0.3990299828125 0.5939980162790698 0.40211640156249995 0.5892857139534884 0.40608465625
0 0.4191468255813954 0.395061728125 0.4144345232558139 0.4012345671875 0.4131944441860465 0.40652557343750007 0.4154265872093023 0.43518518593750005 0.4134424604651163 0.45679012343750003 0.4119543651162791 0.5189594359374999 0.41220238139534887 0.5820105812499999 0.4129464290697675 0.5859788359375 0.4164186511627907 0.59391534375 0.41865079418604656 0.5961199296874999 0.4310515872093023 0.6005290999999999 0.4360119046511628 0.6044973546875 0.4379960313953488 0.6071428578125 0.4399801593023256 0.6159612 0.44196428604651167 0.6194885359375 0.451388888372093 0.6221340390625001 0.4761904767441861 0.6208112875 0.4985119046511628 0.6221340390625001 0.5171130953488372 0.625661375 0.529513888372093 0.624338625 0.536954365116279 0.6208112875 0.5639880953488372 0.5987654328125 0.5687003965116278 0.591269840625 0.5719246034883722 0.573192240625 0.5726686511627908 0.542768959375 0.5706845232558139 0.5198412703125 0.5714285709302326 0.4977954140625 0.576140873255814 0.45679012343750003 0.5786210313953488 0.44753086406250003 0.5786210313953488 0.44179894218750004 0.5709325395348838 0.42813051093750004 0.5399305558139535 0.4104938265625 0.5317460313953488 0.40255731875 0.519345238372093 0.3981481484375 0.5069444441860465 0.38800705468749996 0.48759920581395344 0.3871252203125 0.4543650790697674 0.388447971875 0.4298115081395349 0.39153439218749997 0.4191468255813954 0.395061728125
0 0.22767857093023255 0.40211640156249995 0.2383432534883721 0.408730159375 0.2415674604651163 0.4131393296875 0.2435515872093023 0.41887125156250005 0.24503968255813954 0.428571428125 0.24776785697674417 0.4717813046875 0.24652777790697675 0.5136684296875 0.24330357093023255 0.5440917109375001 0.24379960348837207 0.5537918875 0.2452876988372093 0.5582010578125 0.2532242058139535 0.56393298125 0.2772817465116279 0.5714285718750001 0.2896825395348837 0.58068783125 0.3033234127906977 0.5850970015625 0.3695436511627907 0.5873015875 0.4037698406976744 0.5802469140625 0.40997023837209307 0.573192240625 0.4119543651162791 0.566137565625 0.4129464290697675 0.5573192234375 0.4136904767441861 0.49338624375 0.4191468255813954 0.4343033515625 0.4191468255813954 0.428571428125 0.41741071395348833 0.42019400312500005 0.4112103174418605 0.40564373906249995 0.404513888372093 0.3999118171875 0.390625 0.3999118171875 0.3658234127906977 0.396825396875 0.3524305558139535 0.38800705468749996 0.3430059523255814 0.38447971718749996 0.3253968255813954 0.3853615515625 0.283234126744186 0.3822751328125 0.2547123011627907 0.38447971718749996 0.22544642906976745 0.3928571421875 0.22767857093023255 0.40211640156249995
0 0.16592261860465118 0.4166666671875 0.16369047674418605 0.441358025 0.1634424604651163 0.465608465625 0.15922619069767444 0.49603174531249994 0.15922619069767444 0.5189594359374999 0.15823412674418602 0.5326278656250001 0.15922619069767444 0.537918871875 0.1654265872093023 0.5507054671875 0.17286706395348836 0.5582010578125 0.1770833337209302 0.56040564375 0.19047619069767444 0.5617283953125 0.20213293604651164 0.5599647265625001 0.20982142906976745 0.56525573125 0.21602182558139535 0.5670194000000001 0.2279265872093023 0.56393298125 0.23487103139534884 0.5590828921875 0.24181547674418605 0.5454144624999999 0.2435515872093023 0.5330687828125 0.24429563488372094 0.4735449734375 0.2467757941860465 0.415343915625 0.2445436511627907 0.3928571421875 0.23735119069767444 0.38800705468749996 0.2162698406976744 0.38051146406249997 0.1770833337209302 0.38051146406249997 0.17088293604651164 0.3853615515625 0.1666666662790698 0.3928571421875 0.16592261860465118 0.4166666671875
1 0.20465116279069767 0.39453125 0.022674418604651164 0.01640625
1 0.28488372093023256 0.40546875 0.02732558139534884 0.0234375
1 0.4662790697674419 0.41328125 0.0377906976744186 0.0203125
1 0.6377906976744186 0.42109375 0.03837209302325582 0.0265625
3 0.6680232558139535 0.525 0.035465116279069765 0.02734375
3 0.49186046511627907 0.5015625 0.027906976744186046 0.02734375
3 0.30872093023255814 0.4828125 0.022093023255813953 0.01953125
3 0.21511627906976744 0.465625 0.01627906976744186 0.01484375
2 0.21511627906976744 0.53359375 0.01686046511627907 0.0109375
2 0.3075581395348837 0.55078125 0.022674418604651164 0.01484375
2 0.49709302325581395 0.584375 0.030232558139534883 0.0140625
2 0.6726744186046512 0.61484375 0.03197674418604651 0.0203125