0 0.638670564165667 0.5104886779085758 0.179370074586922 0.26333906743868063
0 0.47763386044480266 0.4947214735957635 0.17472721460545557 0.24215439846072934
0 0.3057142204262693 0.47764634242121495 0.2008978450053421 0.20919708130638917
0 0.18581094819375069 0.4687278969421179 0.09480161242853727 0.18877351890170146
1 0.19091016516145892 0.38976709555534705 0.02322916887447395 0.016933580072118027
1 0.27099696924514294 0.39883166460954833 0.028162205534962848 0.02407393284565975
1 0.4519741507334887 0.40242552403260384 0.038990578130301046 0.021203505983923777
1 0.6235763322218343 0.40623758900274254 0.039208832939624474 0.0274535059839236
3 0.6496353460168324 0.509452854770312 0.036892364790789854 0.02818020459715278
3 0.4738913015517953 0.49012489257371483 0.029079864790789854 0.02799836664125017
3 0.2917335659797655 0.47562990074184003 0.022557046279135663 0.020040396276527872
3 0.19858376670540495 0.46062445621267345 0.016924605172143135 0.015225609707395903
2 0.19699149565401272 0.5285750224170831 0.017569445916315995 0.011337543502986236
2 0.2877975449283733 0.5436350183330205 0.023174605172143183 0.015371080072118204
2 0.47646817532825986 0.5728101060045829 0.03095982332097762 0.014771668028020813
2 0.6511854331328083 0.5991875019967703 0.03274057813030105 0.021058035619201478