0 0.4414865375 0.4272411171875 0.434049228125 0.4162951640625 0.42645473125000005 0.412598346875 0.4217116265625 0.4116900109375 0.4053425796875 0.4108321453125 0.374494615625 0.412514278125 0.3595334859375 0.42063697656250004 0.35297409218750003 0.42854022968749994 0.3448649953125 0.43504274374999996 0.3421182515625 0.4451250921875 0.33830401875 0.448224003125 0.3236849 0.45306581875 0.318692196875 0.45742249218750003 0.3150165796875 0.46349759218750003 0.312642653125 0.4709604359375 0.307857659375 0.5063367734375 0.3114467640625 0.530276278125 0.3136401875 0.5561219187499999 0.3126864125 0.583452028125 0.31322231718750004 0.6055821171875 0.3149797328125 0.6380025218750001 0.3182900171875 0.661267653125 0.3229391265625 0.66546986875 0.3334636078125 0.6683305984375 0.3865682265625 0.6770515453125 0.42170472031250006 0.6930778375 0.42846275624999997 0.694751534375 0.447559978125 0.6957523765625 0.4623023125 0.6935560640625 0.478129121875 0.693395871875 0.4887938046875 0.693954784375 0.5127573484375 0.698509465625 0.527438075 0.6949904015625 0.544337125 0.685979625 0.55219820625 0.6794641125 0.5594692609374999 0.676216484375 0.5879618640625 0.6717718671874999 0.6028289984375 0.66694305 0.6219601906250001 0.658049253125 0.6379426046875001 0.6559179312500001 0.64984895 0.6512638265625 0.672480003125 0.6537693921875001 0.70245911875 0.65468076875 0.7132948078125 0.653599240625 0.7252319578125 0.6496065109375 0.7300382546875 0.6465595921875 0.7335428625 0.6421249312499999 0.7392981859375001 0.6275819265625 0.7447099109375 0.6215978109375 0.7639643203125 0.6153495171875 0.7963513359375 0.5989034125 0.7982122453125 0.5963618953125 0.800726375 0.586597234375 0.801603140625 0.5576136875000001 0.79671868125 0.5111744140625001 0.7957961421874999 0.4860551359375 0.793168296875 0.4615062484375 0.7918129171875 0.4324057203125 0.7898781625 0.4227377859375 0.7882206453125 0.41902223125000004 0.776567065625 0.4078553125 0.738358803125 0.40024493124999994 0.724021671875 0.39520510625 0.711342059375 0.393880834375 0.6998239296875 0.3962461203125 0.6382990093750001 0.39796994531249996 0.5981650609375 0.40213434687499994 0.5621379828124999 0.40948290624999995 0.546759415625 0.4139550390625 0.526884175 0.4228098421875 0.5100499015625 0.42258735625000005 0.4983145609375 0.42560101875 0.4894321953125 0.42612515625 0.47551250156249997 0.42473589531249994 0.47114062968750003 0.426486059375 0.469744946875 0.4283921984375 0.46143562187500003 0.4305957703125 0.450011490625 0.4296671765625 0.4414865375 0.4272411171875
1 0.363619621792675 0.4780895369734157 0.03862800641014079 0.02618404172311415
3 0.3897519363083677 0.5706422071452322 0.030815506410140792 0.02577460594746519
2 0.4064728635205074 0.6619223043862702 0.027925946856846906 0.013933025214770644
2 0.7640712320079227 0.4585504794193268 0.030669957195929066 0.02264960594746519
0 0.8241260890625 0.4037501625 0.8290247984375 0.4026873703125 0.8376915359374999 0.3975336046875 0.8418631812499999 0.3914844984375 0.8439582906249999 0.3833472828125 0.8381666937500001 0.31211941875 0.8339891453125 0.28616979374999996 0.8320220031250001 0.2811184890625 0.8230965984375 0.2700945484375 0.8072113468750001 0.2583759765625 0.784256853125 0.24892596562499997 0.75947225 0.24267884999999997 0.7522643875 0.241971221875 0.71851724375 0.24515081875 0.707137734375 0.2504922953125 0.7048424015625 0.25433056875000004 0.7021078921874999 0.275299621875 0.702908796875 0.2924953890625 0.7094709265625 0.32714688125 0.710583040625 0.340400390625 0.7144695343749999 0.3547889421875 0.719690103125 0.36594860156250003 0.7262139421875 0.3732179953125 0.7381633265625 0.3801119671875 0.7528084984375 0.39176555 0.7639522265625 0.3972977765625 0.8085010890625 0.40293129062500005 0.8241260890625 0.4037501625
0 0.8494431390624999 0.28862910625 0.8610145625 0.28996730312499996 0.8678941312499999 0.2903278453125 0.867835934375 0.27270648125 0.8661068406249999 0.2373812703125 0.8654169156249999 0.21194430468749997 0.8633881656250001 0.20557025 0.856647115625 0.198949234375 0.8398282421875001 0.1990574359375 0.8157876875 0.1928493140625 0.7926297984375 0.1896563765625 0.759612884375 0.1872662734375 0.7336174234375 0.18689355000000002 0.7152026390625 0.1846089484375 0.70461496875 0.185703475 0.6932062375 0.18510556875 0.6789769203125 0.182380559375 0.6658320796874999 0.18169166718750002 0.660805403125 0.195942978125 0.6624550046875 0.2260485703125 0.6597975078125 0.24867105937499998 0.664629859375 0.2621195390625 0.6699752265625001 0.27064669375 0.6841429359375 0.2720489546875 0.692731078125 0.2705197546875 0.69792559375 0.2651840171875 0.702500859375 0.2571767796875 0.7065477078125 0.25376017968750003 0.7246140953125 0.24283882656250003 0.78286643125 0.2492798359375 0.8212535187500001 0.2767026578125 0.844482821875 0.288369146875 0.8494431390624999 0.28862910625
1 0.7983262998333842 0.29044893260783006 0.015389559553294064 0.012496677973732684
1 0.8415261821745386 0.21399929726172262 0.014462760339082337 0.009330734396167805
3 0.8154260626536658 0.3396643605815627 0.01773330955329371 0.012619508706427317
3 0.8563720862273143 0.24828908808032554 0.01215539764263518 0.009989153663473083
2 0.8610617402800903 0.28204661239058504 0.010483735731976297 0.007563516508343415
2 0.8229688889561828 0.38448221562451684 0.01996789764263518 0.010398589439121864