0 0.2041282418604651 0.5564161703125 0.20750796744186045 0.5658956234375 0.21212771627906976 0.5725641140625 0.22591647674418605 0.5756769140625 0.2466997453488372 0.5763640609375 0.28415513837209305 0.5732744109375 0.33124302093023256 0.5673455234375 0.37402702209302324 0.5651648109375 0.38730718023255817 0.5660730625 0.3988537511627907 0.568083759375 0.4041447569767442 0.567752615625 0.4366447720930232 0.5614942921875 0.45282333372093025 0.5560089796875001 0.4731854453488372 0.5428072375 0.5001913988372093 0.5301836296875 0.5127298127906976 0.5211988421875 0.5319271081395349 0.5132882203125 0.5414768709302326 0.5077208078125001 0.5777796860465116 0.49575777812500005 0.5925151662790697 0.48638699687500003 0.6166951197674418 0.46797657968750006 0.6270001360465116 0.45528510781250003 0.6177338453488372 0.38268076875 0.6067307848837209 0.37542369375 0.5814880930232559 0.3767944328125 0.5154536011627907 0.3817636765625 0.4843489139534884 0.38601046875 0.4466779325581395 0.39443199375 0.3987167627906977 0.4068431046875 0.38598062209302325 0.416004125 0.24885298953488375 0.4502049765625 0.21754167558139534 0.45990125156249995 0.21275732441860465 0.47379205156250004 0.19398603372093023 0.46785753906250005 0.19263535 0.4833349578125 0.19062718372093024 0.5336549265625 0.1940369918604651 0.5441264421875001 0.2041282418604651 0.5564161703125
0 0.6437063662790699 0.4539526609375 0.6727843337209302 0.45138732187499997 0.6985380209302325 0.455739175 0.7203732988372092 0.447414965625 0.7293768558139535 0.43840292343750004 0.7318569046511627 0.432781003125 0.7350449290697675 0.377665946875 0.7335840058139536 0.3586239140625 0.7311237174418604 0.3503293515625 0.7279094465116279 0.3463062484375 0.7203236081395349 0.343799178125 0.7057658232558139 0.3444618078125 0.6947880197674419 0.3466397859375 0.655090438372093 0.34862733281249997 0.6392775872093024 0.351604890625 0.6187500197674418 0.35935028281250003 0.6078775058139535 0.3650004828125 0.5893392255813953 0.38007596875 0.5894896395348838 0.3850362875 0.6035115395348837 0.3958375796875 0.6099325604651163 0.40363576874999996 0.6147684906976745 0.44656976875 0.6166976139534884 0.4519157359375 0.6211819918604651 0.45411994218749996 0.6437063662790699 0.4539526609375
0 0.3427331093023256 0.3619644140625 0.3586888523255814 0.3636991578125 0.36752223604651163 0.36364328437500004 0.3767288511627907 0.361327671875 0.3917275523255814 0.360637446875 0.3995738127906977 0.357164540625 0.40301842325581394 0.354215603125 0.4044812662790697 0.34418458749999997 0.40270727441860465 0.329386421875 0.3954796267441861 0.32412358124999996 0.39012093488372096 0.32222258125000003 0.3778279011627907 0.3247313625 0.3483240581395349 0.32782032499999997 0.26002030581395347 0.329371134375 0.2248447058139535 0.334802965625 0.21608652906976744 0.33733899843750004 0.21088577093023256 0.3406463328125 0.20863886279069765 0.3539567453125 0.21246702558139535 0.36365661875 0.2170040476744186 0.36759693437499996 0.22588255465116278 0.36902915625 0.23515685581395349 0.3689456859375 0.2805713186046512 0.36610336875 0.3025269255813954 0.36174741250000003 0.3166287523255814 0.360616346875 0.32816028372093026 0.3621310109375 0.3427331093023256 0.3619644140625
0 1 0.38941089375 0.9920751220930233 0.38990688125 0.9507417244186046 0.396221078125 0.916956561627907 0.4038022671875 0.9003145209302326 0.4085711265625 0.8713042395348837 0.41336860781249996 0.8349412593023255 0.423347509375 0.8056254325581395 0.43263687187500005 0.8003795523255814 0.43445611093750003 0.7960531081395349 0.4374602375 0.7897401767441861 0.44779480312500003 0.782906403488372 0.4700893203125 0.7815037267441861 0.4821044625 0.7827719151162791 0.5093586140624999 0.7809508825581395 0.5221454 0.7816427813953489 0.544962859375 0.7851202755813954 0.55766651875 0.7896422558139535 0.561110803125 0.8054400662790697 0.5576372125 0.8276212918604652 0.5607217328125 0.8533072953488372 0.5628414453125 0.8667002616279069 0.567469934375 0.8800255441860465 0.56986628125 0.8924238686046511 0.5708297234375 0.9219953965116279 0.5699729015624999 0.9720596906976744 0.5747911390625 0.992797834883721 0.573990190625 1 0.5708715671875 1 0.38941089375
0 0.19456903720930233 0.327006828125 0.1697723906976744 0.3250799421875 0.1600646930232558 0.32543902343750003 0.13587441744186046 0.32894089375 0.12673548837209303 0.333488646875 0.12774517441860464 0.3376497265625 0.13545134302325582 0.3441250515625 0.1539397790697674 0.3419739859375 0.16588214418604652 0.34246899062499997 0.17521660930232558 0.3443696484375 0.21092337441860465 0.34188641249999996 0.22973991744186045 0.3359875125 0.24014143255813955 0.32937284375 0.2391693511627907 0.32645184375 0.2254031523255814 0.32408309218750003 0.19456903720930233 0.327006828125
1 0.29315251000719195 0.46616423159814707 0.050379040721529385 0.015629308105551944
1 0.6314209655595034 0.38394015901968387 0.0311219240746146 0.012084777088305198
1 0.8950023120126384 0.45119600972441887 0.045288622852568065 0.01998932237357547
3 0.3465549992103947 0.5176132615819365 0.051315786746800464 0.027384445409104785
3 0.6621381803795028 0.4172406565384845 0.03993761448755533 0.01575558664159917
3 0.946636925124234 0.501972951618867 0.016171475320516566 0.016607457195929064
2 0.3542187547042132 0.5398328639393013 0.03621234194357612 0.007724762820281584
2 0.6736584929093214 0.43217429777097893 0.026328621013343562 0.007106178659881834
2 0.9507155698566564 0.5596399024046553 0.0440073819294158 0.016010297766469606