0 0.6434998400699967 0.5267526038917387 0.4861225973901792 0.4271502499967047
4 0.22382313940163323 0.5069296586835724 0.24179024737427088 0.3057217146899269
4 0.05569075739972421 0.48993525324641085 0.10147323535963515 0.19548186972334652
1 0.7658640940483614 0.36954585023829073 0.04335964867122719 0.0343437723211343
1 0.289156690722452 0.4159012840889619 0.026862492003499838 0.026244900162155815
1 0.08325213605981543 0.441988676947517 0.019813060669954384 0.024559669236879245
3 0.8325805214035423 0.5316152021047298 0.07074885200509087 0.03872730925276535
3 0.2415458940563156 0.41897569115097644 0.06896817600254534 0.019950035713814884
3 0.04965838605981543 0.44140229586008467 0.04871022000318168 0.024282979707460583
2 0.8279486600890869 0.6705686079489285 0.05181703866963616 0.022775026785361162
2 0.3206350520766783 0.5703257313290184 0.04244203866963616 0.02261138555165907
2 0.09753335940481489 0.5281580020285949 0.01729658800127267 0.00967500892845372