0 0.446875 0.5666847655059132 0.68203125 0.7487513325408004
0 0.91171875 0.31331544378566556 0.1765625 0.323887444048363
0 0.71328125 0.09174563532674607 0.13359375 0.06482468111623922
4 0.14765625 0.10898489192415664 0.11171875 0.1384069336235217
4 0.05234375 0.10003945242814019 0.0859375 0.14156302586424746
1 0.2546875 0.39649560062050293 0.07890625 0.08588968738444543
3 0.3203125 0.6648986081423504 0.07734375 0.1100629732778227
2 0.32578125 0.769426983769171 0.0578125 0.0407446719450391
1 0.93125 0.21665339245288204 0.05078125 0.03194633346523714
3 0.96328125 0.3219713782671171 0.03828125 0.03627012061225567
2 0.9671875 0.41873271800056033 0.03515625 0.023679192399010417