0 0.5438246970662439 0.5318473592950191 0.32939436331561966 0.2471623880727023
0 0.8768555208875615 0.5252236128110606 0.20429800992479735 0.16052038524403187
4 0.7343961931373024 0.5151178806668456 0.06764557237357546 0.06053349990180408
1 0.5211021346174658 0.4327876905789124 0.0626284325888232 0.019890319183644856
3 0.5816885701017731 0.5238166906771082 0.07823631596343468 0.03638292759490121
2 0.6095930922276797 0.5619252238545955 0.05690497146395277 0.014389752926866173
1 0.8699377409037721 0.45575145014507806 0.028743584160399748 0.013444876463433175
3 0.9249848058337495 0.5147901068591322 0.05534247146395259 0.014380662567786473
2 0.9225468564957033 0.5671338568591322 0.045749147642634824 0.009638620413308985
1 0.7478058757261257 0.4955139077942087 0.014426373035529317 0.007894313231716587
3 0.7274933757261256 0.49563208246224366 0.028488873035529317 0.007976126463433176
2 0.7565794081911144 0.5251423204601912 0.010301799214211727 0.0031840873340176047