0 0.5628412244186046 0.602450525 0.5680812895348837 0.6141768765625 0.5689258558139535 0.624279184375 0.5712856406976744 0.627288034375 0.5803762465116279 0.6292056125000001 0.6420462174418605 0.6294787109375 0.6584913186046512 0.6333681640625 0.6713537511627907 0.6338466359375 0.6786077290697675 0.6256929328124999 0.6868465011627907 0.61134311875 0.7033829034883722 0.587485821875 0.712950396511628 0.5581215562499999 0.7197996441860465 0.5222366171874999 0.721145561627907 0.5067812484374999 0.7177256395348838 0.4610887640625 0.7178513337209301 0.4324601796875 0.7137997593023256 0.4220177953125 0.7093625965116279 0.4151105046875 0.6962720046511627 0.401427790625 0.6775286360465116 0.3866007359375 0.6553547046511629 0.37716552812500004 0.6254135709302326 0.376340453125 0.5920762651162791 0.380025390625 0.5783150186046512 0.38353844375 0.57344795 0.38765408125 0.5669208244186047 0.39622542968749996 0.5620266313953488 0.407387984375 0.5602462 0.414930115625 0.5577263279069767 0.441431684375 0.5550047104651163 0.4921604234375 0.5500952697674418 0.535471140625 0.5492228674418604 0.5768940765624999 0.5504774837209302 0.5891854578125 0.555145465116279 0.596525909375 0.5628412244186046 0.602450525
0 0.4076302686046511 0.587047475 0.4124358197674418 0.590860590625 0.4143167686046511 0.5934440375000001 0.4159569709302326 0.6022003234375 0.4178035279069768 0.6056656046875 0.42712495232558134 0.6080163421875 0.4519781302325581 0.6059178937499999 0.4742479686046512 0.6065425171875 0.4927115895348837 0.6094880796875 0.5051639709302326 0.6077774812500001 0.5127420186046512 0.604017434375 0.5406355616279069 0.58112606875 0.5456402 0.57348309375 0.549569453488372 0.555304653125 0.5515000441860465 0.5248581015625 0.5504101220930233 0.5019924671875 0.5520139837209302 0.479923340625 0.558325538372093 0.43877066718749996 0.5611668186046511 0.4294338390625 0.5613903697674418 0.42370191718749994 0.5542349627906976 0.4102739515625 0.5239208290697674 0.3936068890625 0.5160458383720931 0.3859263609375 0.5038170069767441 0.381905040625 0.49181172790697675 0.3721517953125 0.4725008813953488 0.3718750046875 0.4392151662790698 0.374237190625 0.41454122093023255 0.37809155156249996 0.40373896860465114 0.38195243749999996 0.3987859186046512 0.388272659375 0.3973394837209302 0.3936024515625 0.39845386976744185 0.42219225 0.39562712558139534 0.44385924374999997 0.39171435697674417 0.5060750984375 0.3895033058139535 0.5691184859375 0.39009258720930234 0.5730634703125 0.3932552767441861 0.5808913812500001 0.395401438372093 0.583026153125 0.4076302686046511 0.587047475
0 0.23123017790697675 0.5560131078125 0.25499538139534883 0.562756271875 0.2670350534883721 0.5716276828125 0.28050396395348837 0.5756102203125 0.3466382209302326 0.5757436921875 0.3811395511627907 0.56761855625 0.387615088372093 0.560369959375 0.38987435581395347 0.553253228125 0.3912103453488372 0.5444038578125 0.3944478511627907 0.4804476078125 0.4022085011627907 0.42119406093749995 0.4024320523255814 0.41546213749999994 0.4010226697674419 0.40713901249999995 0.39538975000000004 0.392782671875 0.3889168720930232 0.3872601890625 0.3750279837209302 0.3876945796875 0.3503467709302326 0.38538385625 0.33729783953488374 0.376984390625 0.3280108058139535 0.37375181875 0.31036728604651165 0.3751843984375 0.268324961627907 0.37341666562500003 0.2397171546511628 0.376513303125 0.2101245534883721 0.38580605 0.21199557325581395 0.394995496875 0.22240231162790697 0.40127570468749996 0.22545455697674419 0.405584034375 0.22721513139534882 0.41125390156249997 0.22832490930232557 0.4209075359375 0.2293678488372093 0.46403208593749995 0.22649412441860464 0.5059579953125 0.22208337441860465 0.5364821171874999 0.22220108953488374 0.5461667796875 0.22351722209302324 0.5505294078125 0.23123017790697675 0.5560131078125
0 0.16856814418604651 0.5557710375 0.18029367441860464 0.553642790625 0.1877758127906977 0.5586933296875001 0.19390742325581395 0.5602630734375 0.2059325593023256 0.5568043203124999 0.21306616279069768 0.5517370359375 0.2205436918604651 0.5378514109375 0.2227612976744186 0.5254514328125001 0.22582684186046512 0.4659043515625 0.23057690930232558 0.40762572343750003 0.22922177558139537 0.38520876406250004 0.22221847441860465 0.380583628125 0.20142946046511626 0.37374738125 0.1622429534883721 0.3749729828125 0.1558533965116279 0.3800169953125 0.15134479069767443 0.38764445468750003 0.1496721441860465 0.41147725 0.14647701162790697 0.4362384203125 0.1452832 0.46049661875 0.13988038837209302 0.4910517671875 0.13898618255813952 0.5139794578125 0.13746103372093021 0.5276789140625 0.13824674302325582 0.53293889375 0.1439484476744186 0.5455315640625 0.1510965872093023 0.5527944453125 0.15522687558139536 0.5548671625 0.16856814418604651 0.5557710375
1 0.18926399503608382 0.388130553952222 0.02331428102613012 0.01711541802802081
1 0.2690699782279661 0.39655869016076356 0.0282396705688903 0.024292138392743114
1 0.4501606306739949 0.39869784593659674 0.038582908291487875 0.02149444671336802
1 0.6213675621897912 0.40114612623746454 0.039408060753269344 0.02776263050895835
3 0.6475476583266258 0.5041068188667701 0.03653155364820154 0.02845296153100705
3 0.4722989568024928 0.4861790089306245 0.028973414113317688 0.028216572188333445
3 0.28989069325760497 0.4731569045415622 0.022854764233765108 0.02022223423243048
3 0.1969563741554113 0.4588969956315969 0.016857992910684787 0.015352896276527871
2 0.19430551555214123 0.5268657456315969 0.017287040063931752 0.011464830072118204
2 0.28607704395666045 0.5411620221327427 0.023253341747894025 0.015552918028020812
2 0.4743017331955146 0.5688278547703118 0.03078101164365976 0.015008057370694416
2 0.648694812618748 0.5938050985020478 0.032768954803115646 0.021312608757465414