0 0.6611539838867188 0.3935941295572916 0.6415607299804688 0.39789307161458337 0.6229595395507812 0.40616026692708335 0.6001420791015625 0.4131047115885416 0.5959258095703125 0.41641158984375 0.5902214443359375 0.42567084895833335 0.5889813647460937 0.43195391796875 0.5877412856445312 0.4594010078125 0.5879893012695312 0.48023434114583335 0.5867492221679688 0.49280047851562503 0.58724525390625 0.5476946588541667 0.5865012060546875 0.5701814309895833 0.5877412856445312 0.5936602669270833 0.5857571586914062 0.6207766692708333 0.581292873046875 0.64293275390625 0.581540888671875 0.6571523307291667 0.585261126953125 0.6601285208333333 0.5954297778320312 0.6637660872395833 0.5998940634765625 0.6677343411458333 0.6058464443359375 0.6912131770833333 0.6080785869140625 0.6951814309895834 0.6113027934570312 0.6974962460937499 0.6366004125976562 0.699811060546875 0.7152214443359375 0.6945200553385417 0.7702809682617188 0.6971655579427084 0.784417873046875 0.6941893678385417 0.7861539838867188 0.691543865234375 0.788634142578125 0.6809618541666667 0.7933464443359375 0.6693877805989583 0.7960746186523437 0.6571523307291667 0.7938424760742188 0.6340041822916667 0.7953305712890625 0.5949830182291667 0.7955785869140625 0.5166100026041667 0.7943385078125 0.49213910286458334 0.7911143012695312 0.46436132552083337 0.7898742221679688 0.429969791015625 0.7881381108398438 0.42236397070312504 0.7859059682617188 0.41674227799479163 0.7836738251953125 0.414096775390625 0.773009142578125 0.40847508203125 0.7402710473632812 0.398885134765625 0.71224525390625 0.39293275390625 0.6896758095703125 0.3922713782552083 0.6611539838867188 0.3935941295572916
4 0.32787698388671876 0.3518518515625 0.290922619140625 0.3621031744791667 0.28447420654296873 0.3687169309895833 0.2802579365234375 0.38062169335937496 0.2782738095703125 0.3921957669270833 0.2785218251953125 0.41964285742187496 0.2748015874023437 0.45701058203125 0.2735615078125 0.49570105794270836 0.27182539697265623 0.5082671959635416 0.2705853173828125 0.5324074075520834 0.2671130952148438 0.5691137565104166 0.26438492041015627 0.583664021484375 0.2641369047851562 0.595899470703125 0.26537698388671876 0.609457671875 0.26339285693359377 0.62103174609375 0.263888888671875 0.642526455078125 0.265625 0.6517857141927084 0.2690972221679688 0.658068783203125 0.27703372998046877 0.6626984127604166 0.28348214306640623 0.6636904759114584 0.31870039697265623 0.662367724609375 0.3251488095703125 0.6646825397135416 0.3432539682617187 0.6746031744791666 0.3916170634765625 0.6765873014322916 0.45436507958984373 0.6848544973958334 0.48313492041015627 0.6679894179687501 0.509920634765625 0.6471560846354166 0.5434027778320313 0.6312830690104166 0.5520833334960937 0.6216931217447916 0.5595238095703124 0.6087962962239584 0.5639880952148437 0.5952380950520834 0.5669642856445313 0.55853174609375 0.5689484125976563 0.517857142578125 0.5696924604492187 0.45899470898437505 0.5689484125976563 0.44576719596354164 0.5659722221679687 0.43386243359375 0.5615079365234374 0.4265873014322917 0.5379464287109375 0.4047619049479167 0.5171130952148437 0.39517195768229163 0.4694940478515625 0.36144179882812505 0.45932539697265623 0.35747354492187505 0.45287698388671876 0.35582010611979165 0.4226190478515625 0.3528439153645833 0.33953372998046877 0.3501984127604167 0.32787698388671876 0.3518518515625
4 0.21527777783203125 0.4226190475260417 0.20932539697265626 0.4249338626302083 0.20337301611328126 0.4308862434895833 0.1984126982421875 0.44146825390625 0.1984126982421875 0.4937169309895833 0.19990079345703124 0.5082671959635416 0.201140873046875 0.5634920638020834 0.203125 0.572089947265625 0.21354166650390624 0.5810185182291666 0.2234623017578125 0.595568783203125 0.22991071435546875 0.5985449733072917 0.24156746044921876 0.6011904759114584 0.2564484125976563 0.6021825397135416 0.2628968251953125 0.5992063489583334 0.26587301611328124 0.5922619049479166 0.2690972221679688 0.572089947265625 0.2700892856445313 0.5558862434895834 0.2733134921875 0.5320767194010417 0.27405753955078127 0.49041005273437505 0.27467939501953126 0.46674130078125 0.2770788701171875 0.4432325638020833 0.2785185571289063 0.41956390169270835 0.24355158740234376 0.41964285742187496 0.23784722216796875 0.41832010611979165 0.21527777783203125 0.4226190475260417
0 0.03351184130859375 0.4753960358072917 0.0242679814453125 0.4804835677083333 0.0172554287109375 0.4811633919270833 0.01419540771484375 0.48303291796875003 0.01406791455078125 0.49068096809895834 0.0147054150390625 0.49866893424479164 0.01406791455078125 0.5177040787760416 0.01929544677734375 0.5197435592447917 0.0264354921875 0.5289212194010416 0.029495513671875 0.5438774036458334 0.0279655029296875 0.5508456380208333 0.0344680478515625 0.5525451940104167 0.06203366650390625 0.5517849244791667 0.06974298583984374 0.55154052734375 0.07599053271484375 0.5498409635416667 0.079433056640625 0.5489911770833333 0.08019806201171875 0.5418529973958334 0.0819830703125 0.532845298828125 0.08988812109375 0.5277465983072916 0.09702817822265625 0.5168693665364583 0.105443236328125 0.51279040625 0.119595833984375 0.5139801080729166 0.11806582373046876 0.4862771653645834 0.1094046982421875 0.48300185546875 0.09600816357421875 0.473020544921875 0.05608128564453125 0.4744039720052083 0.03351184130859375 0.4753960358072917
3 0.044921875 0.5188802083333334 0.01416015625 0.004557291666666667
1 0.04833984375 0.4915364583333333 0.009765625 0.008463541666666666
2 0.04638671875 0.541015625 0.0087890625 0.00390625
1 0.41015625 0.419921875 0.04736328125 0.044270833333333336
3 0.3291015625 0.41796875 0.06396484375 0.04296875
2 0.43310546875 0.5970052083333334 0.0419921875 0.018229166666666668
1 0.6865234375 0.4153645833333333 0.03466796875 0.026041666666666668
3 0.71923828125 0.5234375 0.046875 0.030598958333333332
2 0.75732421875 0.6555989583333334 0.04736328125 0.020833333333333332