0 0.6188537015625 0.5765587421875 0.618290684375 0.6037328765625001 0.6149875515625001 0.626018859375 0.6159807828125 0.6402312203125 0.6198569968750001 0.6430991625 0.630216284375 0.6464408500000001 0.6348885359375 0.65027920625 0.642071390625 0.6735848453125 0.644511503125 0.6774881515625 0.6478570234375 0.67970915 0.67327595625 0.6812878812500001 0.751619696875 0.6737092375 0.8068178671874999 0.6747526703125 0.820798796875 0.6713651375 0.8223962625000001 0.6686691203125 0.8243218406249999 0.6580149453125 0.8284275703124999 0.64630375625 0.8305145125 0.6339889249999999 0.8270692281249999 0.6109057265625 0.8265123109375001 0.5718412625 0.8226529703125 0.49346103125 0.820130425 0.46902621250000004 0.815450446875 0.44134225000000005 0.812407984375 0.40698679843749996 0.8102732687499999 0.39943149375 0.80774650625 0.39387475 0.8053757171875 0.3912941953125 0.7944164140625001 0.3859828125 0.76117573125 0.377345446875 0.7328379859374999 0.372208534375 0.71023388125 0.3722038609375 0.681781378125 0.3743565140625 0.662413421875 0.37922556093750004 0.644245496875 0.3880339953125 0.6217919796875 0.395642359375 0.6177490156250001 0.3990719203125 0.6125299078124999 0.40849715781249996 0.6116191093750001 0.4148163109375 0.611817471875 0.4422994828125 0.6131573171875 0.46312559999999997 0.6125758 0.47572781875 0.6159487140625 0.5306075671875 0.6163831484375 0.5531159890625 0.6188537015625 0.5765587421875
4 0.295366671875 0.5882138718750001 0.2973173078125 0.601735990625 0.295939753125 0.6133677953125 0.29756227343749997 0.634848071875 0.29978364218750003 0.6440568156250001 0.30358514531249997 0.6502388531250001 0.31176428125 0.6546375546875 0.3182646859375 0.6554419890625 0.35341361875 0.653094490625 0.3599833453125 0.6552216750000001 0.3786084234375 0.6646155046875 0.4270755015625 0.665192409375 0.4902567828125 0.6716338234375 0.5181427625 0.6539316281249999 0.543836646875 0.632318909375 0.5764869218750001 0.6154716625 0.5846648890624999 0.6056291375 0.591429471875 0.5925158171875 0.5951832015625 0.5788277171875 0.59623569375 0.54203476875 0.5960881546875 0.501302434375 0.5937473546875001 0.4424183515625 0.5923100812500001 0.42921248749999996 0.5887099890624999 0.41739432499999995 0.5838644296875 0.4102490890625 0.5591591 0.3891092625 0.5378231796875 0.38012550312500004 0.48843640937500005 0.34778091718750004 0.47805979218749994 0.344108540625 0.4715247265625 0.34264273125 0.4411108125 0.3405469578125 0.3578868515625 0.34031899062500004 0.34631675781250004 0.34231160625 0.3098996421875 0.353638190625 0.3037978421875 0.36043957656250003 0.30020547343750004 0.3724670203125 0.29882791875 0.3840988265625 0.300514375 0.41153870000000004 0.298752496875 0.449014671875 0.29954010000000003 0.48774123124999996 0.2984625515625 0.500357884375 0.2984876078125 0.5245341796874999 0.2969390828125 0.561341559375 0.29497345625000004 0.57597120625 0.295366671875 0.5882138718750001
4 0.28800746250000003 0.594720653125 0.2942998984375 0.5915568328125 0.296912146875 0.584525790625 0.2990791859375 0.5642600171875001 0.29922205 0.5480274484375001 0.3011984515625 0.524124109375 0.29975884062499997 0.48243579375 0.2991402703125 0.458748946875 0.3003077046875 0.4351703921875 0.3005069703125 0.4114598390625 0.2655441375 0.41255622968749994 0.25977045 0.411399459375 0.237426303125 0.416355103125 0.23159523750000002 0.418843115625 0.22595480625 0.42496869375 0.22154906875 0.435695034375 0.22428730625 0.4879437109375 0.2265379484375 0.5024506765625001 0.230672240625 0.5576394625 0.2331069640625 0.5661796125 0.24399155781249998 0.574805090625 0.25467473906250004 0.58906669375 0.26127912656249996 0.5918552546875 0.27307451875 0.5941615812500001 0.28800746250000003 0.594720653125
0 0.0909514890625 0.5499799296875 0.098648 0.5495112140625 0.1048064765625 0.547629865625 0.10820446406249999 0.5466799109375 0.10859537500000001 0.539519471875 0.109908309375 0.530459834375 0.11754614687500001 0.525131121875 0.12411615312499999 0.514046134375 0.1323174421875 0.509722321875 0.146532390625 0.510500225 0.14355052968749998 0.4828418015625 0.134717753125 0.4798185046875 0.12079812031249999 0.47022699375 0.08094374531250001 0.4727721734375 0.058426290625 0.47442094062500006 0.0494490578125 0.47977744062500005 0.0424721328125 0.48066131093750003 0.039510090625 0.482619875 0.0397834140625 0.490271634375 0.040839546875 0.49824105 0.0411996359375 0.5172947453125001 0.046534053125 0.5191821187500001 0.054155078125 0.528152025 0.0579989203125 0.5430191718749999 0.0568341 0.5500319250000001 0.063425715625 0.5515422765625 0.0909514890625 0.5499799296875
3 0.07171778550307761 0.5174542729612537 0.015130355042954147 0.005900659012915454
1 0.07419101028830696 0.48999686269469683 0.010606629353213614 0.008889266693047303
2 0.07442670567489415 0.5392838088546309 0.008839411465389269 0.004937552586424765
1 0.43218389472990326 0.40837817201154614 0.04999003392119796 0.0459179052519918
3 0.3508110639972086 0.4083985555559256 0.0663143967660682 0.04483277837152997
2 0.4640933932595653 0.5842814424655174 0.043129202283992286 0.01919628087881229
1 0.708500733264514 0.39564352513933165 0.03576708163720586 0.02756271034569897
3 0.746963446968467 0.5025012789002553 0.04925304952503016 0.0318554052519918
2 0.7913829115769309 0.633441390341311 0.0487617265942518 0.022480405251991797