0 0.41733183139534885 0.601833275 0.41940408953488373 0.6341399875 0.42249948255813957 0.6434329390625 0.42652572558139534 0.6480523812500001 0.44140989999999997 0.6488822296875 0.47684504418604656 0.6542339515625 0.48486853837209304 0.661240690625 0.4912901395348837 0.6721510359375 0.4949631441860465 0.6750214359375 0.49994601279069767 0.676951490625 0.5091923860465116 0.67632145625 0.5259930313953489 0.6720205484374999 0.5438533953488371 0.6729667640625 0.5636398965116278 0.6695262718749999 0.5788837546511628 0.672601190625 0.6059872697674419 0.67266935625 0.6321599337209303 0.6774110328125 0.6536514209302325 0.6780034421875001 0.6609040011627907 0.6765517812499999 0.6717554872093022 0.6722661578125 0.6945375093023256 0.670430125 0.7040823523255814 0.6673328625 0.7174536965116279 0.6534780546875 0.7203686755813954 0.64888211875 0.7319577116279069 0.6250420296875 0.7354084209302325 0.6107993359375 0.7350604790697675 0.5840136218749999 0.7296201313953488 0.5468653109375 0.7276445255813953 0.5219990765625 0.7251944 0.5114919015625 0.7167016848837209 0.49380755 0.7056246813953488 0.4807320640625 0.6939217406976744 0.47035889375 0.6769052418604651 0.4580427359375 0.6685349523255815 0.44978298906249997 0.6555189255813954 0.440102146875 0.6511942104651163 0.437949934375 0.639950823255814 0.437510328125 0.6138683662790697 0.4397130953125 0.5947045802325581 0.44020325781249997 0.5629682139534884 0.4397060625 0.5497245930232558 0.4379488 0.537197115116279 0.44043366562499997 0.5246470860465116 0.44118241874999997 0.4833304372093023 0.4410543140625 0.46219541162790695 0.44245896250000005 0.44532711046511625 0.4415515375 0.4374067104651163 0.4424813046875 0.4321543651162791 0.445250621875 0.4295797395348837 0.450603534375 0.42436075697674414 0.481385715625 0.4175550581395349 0.568128975 0.41733183139534885 0.601833275
0 1 0.5699414890625001 0.9995999337209303 0.5680805531249999 0.9989084186046512 0.5402898453125 0.9954017953488371 0.5247835656250001 0.9885818511627906 0.5086519578125 0.9857527127906976 0.49441161562499997 0.97975845 0.49095467656249997 0.9671762034883721 0.489223271875 0.9013596604651163 0.48590623437499997 0.8507805302325581 0.48516808125 0.8243770523255813 0.48810196875 0.8191150406976745 0.49012723593749996 0.8174905965116279 0.49229473281249997 0.8114620406976744 0.5116423234374999 0.8093179755813954 0.5246966578125 0.8113248686046511 0.6028604468750001 0.8139715162790697 0.6284965875 0.8183671081395348 0.63610515 0.8213722941860465 0.6384536578125 0.8270197604651163 0.6406575890624999 0.8309976790697674 0.6415567921875 0.884231976744186 0.643142428125 0.8951607837209302 0.6448091828125 0.9176443348837209 0.6454403796875 0.9436945744186046 0.6407574546875 0.9942737046511627 0.6414956046875 1 0.6401434390625 1 0.5699414890625001
4 0.7925173290697674 0.528997565625 0.7874893569767443 0.5235952875 0.7785156825581396 0.519773965625 0.7490812430232558 0.5183752140625 0.7421432418604652 0.5185997234374999 0.7385346709302325 0.5206896421875 0.7334015290697675 0.532635546875 0.733094538372093 0.5598914328125 0.7369189604651163 0.574418578125 0.7395999023255814 0.5772501906249999 0.7422518488372093 0.577849659375 0.752143488372093 0.5760054046875001 0.774967391860465 0.5773935781249999 0.7832184790697675 0.576476740625 0.7894693302325582 0.57424224375 0.7927439930232557 0.57189138125 0.7979093523255814 0.5624256359375 0.7962676546511628 0.5378203453125 0.7925173290697674 0.528997565625
1 0.5469418175755497 0.4571010416328581 0.06188161431581711 0.021940847651002036
3 0.6132454469921784 0.5510532816037281 0.07662961220156868 0.03891539898378547
2 0.6428124808186217 0.5904711342692952 0.056578018121341875 0.01626750917119999
1 0.897266562969563 0.4957857377262851 0.028079497734755786 0.014372388558944316
3 0.9555959728152285 0.5574112110041078 0.054833832074830245 0.016199313011266092
2 0.956275908483944 0.6097549610041078 0.04547061673205737 0.011148100158284536
1 0.7780065357872437 0.530165434744149 0.014054971307722406 0.008358069279472247
3 0.7570763032291041 0.5293470808249406 0.028589855028652637 0.008926370612255851
2 0.7882758918728671 0.5602393796504417 0.009924314104484416 0.0035114449062927378