0 0.565636552015231 0.5053493255327703 0.3193959363754999 0.2619765360689044
0 0.8984763230924699 0.4832198614901332 0.1978022166261212 0.16969278154634876
4 0.7555712056060271 0.4797750361845054 0.06519372882456516 0.06355456693788461
1 0.5388700398167867 0.407563600747541 0.06183237948849527 0.022765792627625105
3 0.6031820038106289 0.4955715338096563 0.07677157825883114 0.039949970601357875
2 0.6326467900131784 0.532296927862191 0.05633181323171641 0.017010437584671044
1 0.8887245940715129 0.4142208779984765 0.028202268052177005 0.01475521879233561
3 0.9461916604264872 0.4705660532586757 0.05476931323171641 0.01692855042954129
2 0.94588713339732 0.5229098032586756 0.045367042154477843 0.011749727498762751
1 0.7681848350945224 0.45958868894346744 0.014107951795397967 0.008549484396167806
3 0.7478723350945223 0.4606532219601542 0.028170451795397965 0.009286468792335611
2 0.7781683682720095 0.48874392243512405 0.010174430718159221 0.0036572665083433264