0 0.5366185275928448 0.6931390841235967 0.5052031120094135 0.5478741717536962
0 0.36276442166921596 0.43659807779201854 0.20957341761202616 0.24592441089956232
0 0.8243019395261235 0.4951297885552954 0.15296490746575628 0.2671542797373263
1 0.4051406566516823 0.6284890066702623 0.062482409090609536 0.0469845426276251
1 0.33686439488385467 0.38372538330994255 0.019063645697928955 0.018951395861557075
1 0.8170291818154857 0.43620848993477634 0.020667056006354302 0.021377033016686652
3 0.37024568506189653 0.4627478199901024 0.033235239853730295 0.025938380257724703
3 0.8550706984545773 0.5139140880803256 0.03546989569792913 0.019811210990419426
3 0.46333676054671624 0.7876460006773686 0.06607105925276535 0.07371081693788462
2 0.3793264046230874 0.5358135057657512 0.0346340986200282 0.016645267412854638
2 0.8620667666357962 0.6017006931232796 0.03388012215897866 0.01816682383528967
2 0.47626918303000637 0.8577914043408417 0.046421032467404186 0.021165671076327896