0 0.524591551331963 0.5500566256778662 0.3928373933073793 0.28659304761542687
0 0.4142071496588078 0.478303824644594 0.2561876274900484 0.21081582191411935
4 0.59004409087529 0.36289296896381207 0.05388368676785795 0.09560339149054782
0 0.5430245108372339 0.3469907130118837 0.0446068458553869 0.05962043969514967
4 0.7253913418638731 0.358991785024199 0.08164393083635879 0.06764656313352066
1 0.3853672252482396 0.5148634933607006 0.03542550543720742 0.025981237899751618
1 0.45464380726346204 0.5215180143397437 0.03086533942959626 0.029078966822512698
3 0.3942382064651593 0.6039987162333376 0.039713757414373774 0.03537896379745078
2 0.39765502513450884 0.6735663276696561 0.024137836958138335 0.017323855386194253
1 0.34166098760552926 0.4560015777678519 0.024137836958138335 0.017323855386194253
1 0.6028305923581647 0.355934441836449 0.007413251977166269 0.009415906615858293
3 0.584893675856262 0.35504865270703345 0.015257585475263546 0.010242608411256349
2 0.6045230849437908 0.39110887255460824 0.007939833992388757 0.0031704517953981435
1 0.7516182608372338 0.34820427594901265 0.008130834980972067 0.007857951795398143
3 0.739931344335331 0.34735484825591556 0.014444501977166268 0.009456813231716588