0 0.17974678819444445 0.5394193012695313 0.18294351128472222 0.549992998046875 0.19277707725694446 0.5626038686523438 0.1959635390625 0.572185501953125 0.20044453472222223 0.578999966796875 0.21415400868055556 0.5825652841796874 0.23489763368055558 0.5839385068359375 0.2723678923611111 0.5820896323242187 0.31951524045138885 0.57772266015625 0.3622893298611111 0.5769578896484375 0.3755347994791667 0.5783040620117188 0.38702686197916664 0.5806942900390625 0.3923178671875 0.580538314453125 0.42490212413194445 0.5753601953125 0.4411698845486111 0.5704149848632812 0.46176986024305555 0.557899318359375 0.48899385243055554 0.5461807465820312 0.5016957977430556 0.5376192817382812 0.521026890625 0.530350943359375 0.5306757638888889 0.5251046704101563 0.5671718411458334 0.5143532211914063 0.5820758064236111 0.5054787504882813 0.6065927326388889 0.48788578515625 0.6171379878472222 0.4755475498046875 0.6093311831597222 0.40270976416015625 0.5984865789930556 0.39509637451171875 0.5732480590277778 0.39563161865234375 0.5071968871527778 0.398413833984375 0.4760463298611112 0.401628546875 0.43825441927083336 0.40879683056640626 0.3901056015625 0.419610673828125 0.37720266319444445 0.4283416591796875 0.2395641302083333 0.45797698583984375 0.20809852777777776 0.46662889111328126 0.20304312847222222 0.4803476796875 0.18441361718750002 0.473798833984375 0.18275595833333333 0.48921611181640623 0.17974678819444445 0.5394193012695313
0 0.6069155182291667 0.47184111669921874 0.6113503411458333 0.47419129541015625 0.6338499392361111 0.474768478515625 0.6629427734375 0.47316656591796874 0.6885775295138888 0.47836506494140624 0.7105515607638888 0.47077072265625 0.7197236032986111 0.4620652255859375 0.722312671875 0.456530888671875 0.7265958550347222 0.4015764033203125 0.7255165026041667 0.3825051767578125 0.7232247005208333 0.374137626953125 0.7200946727430556 0.3700123427734375 0.7125682994791667 0.36725711767578123 0.6980154696180556 0.3674380341796875 0.6870079331597222 0.36925107861328127 0.6473202630208333 0.36992486328125 0.6314677690972222 0.37237691748046875 0.610811359375 0.379436234375 0.5998397352430556 0.38472150048828124 0.5810239496527778 0.3991693017578125 0.5810752534722222 0.404129619140625 0.5948642473958333 0.4153834282226562 0.6011217378472222 0.4233859809570312 0.6050954157986111 0.4664367587890625 0.6069155182291667 0.47184111669921874
0 0.3090419296875 0.370717712890625 0.3205288619791667 0.372611908203125 0.33508682118055555 0.3729270234375 0.3509880546875 0.3751872709960937 0.35981152690972223 0.37542334375 0.36905283072916667 0.373414275390625 0.3840465772569444 0.3732203603515625 0.3919523029513889 0.37001020703125 0.39545142274305556 0.367178048828125 0.39711248350694445 0.357205421875 0.39563582204861114 0.3423634633789063 0.3885221484375 0.3368670654296875 0.3832080564236111 0.3347908984375 0.3708803342013889 0.3368909521484375 0.34135171354166666 0.3390018955078125 0.25312724913194445 0.3376332333984375 0.21788722829861112 0.3418972763671875 0.20908940711805554 0.34414136279296875 0.20382918489583332 0.34727352880859375 0.20131963628472221 0.3604963579101563 0.20494958072916666 0.37031300927734373 0.20940235937499999 0.37439929931640625 0.2182412230902778 0.376123466796875 0.2275056128472222 0.37634654150390623 0.2729200746527778 0.3750077514648438 0.29493514756944444 0.3713816630859375 0.3090419296875 0.370717712890625
0 1 0.423154091796875 0.9927613012152777 0.4220124423828125 0.983061125 0.4222983974609375 0.9416533949652778 0.42724044384765625 0.9077592118055556 0.43369763623046875 0.8910428394097222 0.43791179638671873 0.8619730920138889 0.44174585205078126 0.8254564930555556 0.45051317529296875 0.7959920017361112 0.4588245146484375 0.7907163880208333 0.46046858544921876 0.7863354340277778 0.46332673974609373 0.7798242838541667 0.47344234423828124 0.7725544296875 0.4954887065429687 0.7709138897569444 0.5074454599609375 0.7716369765625 0.5347142080078126 0.7695632161458333 0.5474280073242187 0.7697992126736111 0.5702454677734375 0.7730190208333334 0.5830513071289063 0.7774666701388889 0.5866415659179688 0.7933140347222223 0.58369348046875 0.8154060625 0.5875078681640625 0.8410177335069444 0.590474224609375 0.8543016805555556 0.5955406352539062 0.8675625407986112 0.59837490234375 0.8799261753472222 0.5997470708007813 0.9094778828125 0.5998682709960937 0.9593836024305555 0.6063360087890625 0.9801118368055555 0.60622113671875 0.9888968315972222 0.6027369711914062 0.9928266067708333 0.5988997514648438 0.995833506076389 0.5911202734375 0.9957921692708334 0.5444802915039062 0.9981195894097223 0.5136483354492187 1 0.505872099609375 1 0.423154091796875
0 0.23236053732638892 0.33402786767578124 0.2186587595486111 0.33120659814453124 0.18780482204861113 0.3331085185546875 0.16307755208333333 0.3303641826171875 0.1533748107638889 0.3304021220703125 0.12914489149305555 0.33310113671875 0.11992667447916666 0.33734234765625 0.12085211718750001 0.3415326220703125 0.1284195329861111 0.3482561010742187 0.14692779079861112 0.346718123046875 0.15884537847222224 0.34760725732421877 0.1681302890625 0.349814458984375 0.20384201041666666 0.3485136083984375 0.2227527065972222 0.34324239404296875 0.23327315364583334 0.33697806201171876 0.23236053732638892 0.33402786767578124
1 0.28364553082712307 0.4751841322510468 0.04961047185337226 0.014153927450748727
1 0.6224239781132608 0.4041433892336302 0.0304829484342181 0.010661265759231653
1 0.8854403400036022 0.4799113827182599 0.04444254011594831 0.017906639034880434
3 0.3362944865031882 0.5283362480923639 0.04972662644161178 0.025384396200748727
3 0.6531745871203786 0.43889227972439854 0.039193805186705594 0.013846850619012141
3 0.9354800788135118 0.5326519865175112 0.01578660638363753 0.016085615247604768
2 0.3434762903236004 0.5510807489545395 0.03564582997215323 0.006420272925099946
2 0.6646158655267498 0.4536963319066839 0.026097218861042118 0.006138785829341353
2 0.9386801690198424 0.590192404809577 0.043539133163971795 0.01446308054890233